1 25.5415 18.75
2 1.04167 24.2663
3 25.4357 43.9681
4 13.7669 55.4865
5 25.8277 65.5467
6 38.2813 43.75
7 38.2378 25
8 63.2812 18.75
9 50.875 70.0974
10 38.572 37.5
11 63.5126 27.2676
12 63.0199 75.7008
13 62.9235 69.3677
14 51.023 53.5981
15 63.1464 44.0411
16 75.5479 12.4972
17 63.3033 20.6735
18 1.05585 87.5
19 25.6521 54.6932
20 51.1454 77.2553
21 50.6904 63.9323
22 75.5628 28.6131
23 25.5884 12.0937
24 25.7217 34.0789
25 37.544 33.4978
26 25.5622 64.3359
27 63.5125 75.5706
28 63.1089 54.4518
29 75.4579 21.475
30 13.6723 79.0534
31 25.9039 87.5
32 62.6171 71.6302
33 38.4115 75.8992
34 38.8609 53.2266
35 38.6963 52.8884
36 63.8474 12.4333
37 63.7265 27.6956
38 50.7465 87.5
39 75.3928 74.7434
40 38.5989 88.0208
41 38.6246 77.8379
42 75.6734 57.2194
43 75.4748 90.625
44 87.5149 43.0457
45 75.7813 9.31939
46 87.7438 22.06
47 1.21906 76.5828
48 87.8403 31.25
49 13.6719 68.75
50 38.0281 11.0265
51 25.544 53.9744
52 50.5632 35.8333
53 51.199 35.8333
54 75.2947 41.5906
55 51.3333 75.3016
56 50.7603 45.6296
57 75.3293 27.9513
58 13.5288 68.75
59 75.2666 82.1804
60 75.3008 91.0714
61 87.5062 91.0924
62 63.2813 87.5
63 87.5863 29.8676
64 88.1066 21.3365
65 88.0416 9.89812
66 87.5398 82.5
67 12.9335 89.0625
68 87.8927 68.75
69 13.6719 78.5468
70 87.6456 57.231
71 1.09841 76.9589
72 13.2656 90.625
73 25.7981 10.3151
74 88.354 57.1155
75 88.4776 93.75
76 38.2813 93.75
77 25.7813 93.75
78 0.78125 93.75
79 25.8055 33.9474
80 1.55858 54.6103
81 1.5625 66.875
82 26.0571 76.9701
83 25.9766 76.5878
84 62.8125 87.5
85 75.1273 72.6907
86 51.081 87.5651
87 1.55704 67.1875
88 50.773 55.5054
89 63.1396 55.1268
90 87.5027 43.3697
91 63.7662 12.4047
92 75.5672 39.0625
93 87.7282 11.8486
94 50.9115 12.4219
95 25 43.75
96 25.7813 25
97 38.6177 68.75
98 38.2813 63.7735
99 50.7813 23.3737
100 50.7813 18.2119
101 13.9147 55.1167
102 75.5664 17.8687
103 75 59.375
104 63.4898 43.9876
105 38.8173 42.8656
106 75.2571 84.8402
107 87.5034 84.375
108 50.8206 45.5054
109 87.6921 68.75
110 1.54066 30.3949
111 38.1502 22.4252
112 1.53896 40.7588
113 1.54066 30.3949
114 1.54297 12.0313
115 1.54224 23.1808
116 13.6429 22.7852
117 13.6732 11.9947
118 13.5476 32.5632
119 1.53896 40.5066
120 13.5979 11.9947
121 13.5724 42.9389
122 38.1728 11.9758
123 13.5724 42.9389
124 13.6078 32.5632
125 13.6429 22.8727
