1 27.1201 39.8135
2 38.5601 44.2422
3 38.5601 44.0101
4 23.5281 39.1214
5 24.2112 39.5018
6 27.7973 41.499
7 39.7112 47.4803
8 30.1384 53.4372
9 38.4089 51.9773
10 41.3787 51.9973
11 23.8696 39.3116
12 43.7096 50.4973
13 37.8528 60.0529
14 41.6693 58.5076
15 41.8825 56.3249
16 42.9706 56.6807
17 41.9418 57.2147
18 42.3443 58.7138
19 41.8423 57.3188
20 43.9193 51.3679
21 42.1603 56.6729
22 45.2296 53.669
23 41.8612 59.055
24 40.6862 60.8246
25 41.3974 55.6998
26 42.795 54.9845
27 42.4034 53.4066
28 40.3986 55.7106
29 42.5236 55.5155
30 42.3614 54.5084
31 53.5907 51.4326
32 46.2125 49.6177
33 41.5164 51.1937
34 44.5998 52.8848
35 34.0028 59.6976
36 43.1316 53.3941
37 42.2357 58.8259
38 43.3109 55.0369
39 43.4746 54.875
40 43.46 54.8643
41 43.7004 54.6646
42 43.7778 54.6037
43 43.811 54.5977
44 43.9834 54.5344
45 44.3835 54.0844
46 44.4789 53.8737
47 45.6702 52.4092
48 43.8974 54.0044
49 43.7047 54.6339
50 44.09 54.4086
51 43.7173 54.5834
52 44.072 54.8835
53 44.8753 54.3537
54 45.7698 53.8209
55 44.1115 54.2522
56 44.0571 53.7475
57 43.9829 54.3249
58 45.8966 53.7166
59 46.1101 53.3522
60 44.1755 54.1766
61 43.1192 54.3098
62 42.6141 55.7005
63 44.0815 54.5267
64 42.1779 55.2831
65 39.4749 57.2529
66 44.0299 54.8752
67 44.2453 54.2241
68 44.147 54.4142
69 44.5488 54.0799
70 46.2122 54.0034
71 43.4536 54.8821
72 44.7088 54.234
73 44.5383 53.9892
74 41.3432 54.4948
75 43.9274 54.4386
76 43.9767 54.3901
77 44.51 54.366
78 42.2202 51.8081
79 32.8989 56.2008
80 24.4466 61.1265
81 27.6585 55.7679
82 21.0062 58.9714
83 43.6761 49.8543
84 40.85 52.2414
85 40.1682 53.2838
86 39.7175 54.1105
87 36.6736 54.8918
88 28.6622 56.8551
89 47.1683 48.6017
90 17.7746 59.1524
91 21.2851 59.4707
92 16.3695 56.7698
93 17.1903 51.7283
94 19.2423 59.4614
95 8.44621 59.3444
96 8.7854 57.3863
97 16.6029 53.432
98 28.3368 60.6691
99 25.6087 60.4998
100 10.6816 43.2414
101 40.6063 52.609
102 20.725 5.5227
103 66 5.5227
104 11.0164 63.728
105 25.5128 49.7043
106 27.9752 38.6589
107 30.4377 27.6135
108 32.9001 16.5681
109 39.5701 54.6724
110 38.8013 54.5429
111 39.0456 54.5325
112 34.6307 55.996
113 42.8046 52.9936
114 41.8638 53.6042
115 53.9993 47.9026
116 54.8327 43.7814
117 54.3157 46.1408
118 42.0192 56.0344
119 43.5535 55.7203
120 41.8923 54.5524
121 43.5227 61.4822
122 42.6813 63.4624
123 42.195 63.7143
124 41.2827 66.1881
125 39.8821 66.081
126 41.4281 63.5014
127 38.8984 67.76
128 47.6978 50.8995
129 38.8457 67.6256
130 41.3716 62.902
131 52.7152 46.5503
132 40.9224 64.8181
133 45.8525 55.8093
134 52.6903 47.1543
135 45.7355 55.6912
136 45.466 56.4415
137 45.2968 57.0322
138 45.1248 56.5714
139 40.7125 64.491
140 40.4021 62.547
141 42.3228 63.8685
142 43.5338 55.1261
143 44.8622 57.1133
144 40.8608 65.0774
145 54.4161 53.5522
146 34.7881 62.763
147 41.9323 58.7157
148 43.3111 59.6472
149 44.4386 63.9051
150 41.3393 61.8548
151 44.5805 48.6838
152 61.4042 73.4706
153 40.8726 65.4345
154 41.3133 63.824
155 41.1722 62.8248
156 40.2975 61.3606
157 45.4063 56.7285
158 40.9777 65.5577
159 44.7695 56.0835
160 44.6903 51.8555
161 46.6358 50.8473
162 54.0694 49.173
163 52.2303 48.829
164 52.2288 48.8399
165 52.2288 48.8399
166 52.2131 48.9601
167 52.2981 49.1006
168 53.9304 49.1381
169 52.1645 48.7259
170 52.1654 48.7404
171 52.1654 48.7404
172 52.1761 48.901
173 53.3303 49.1094
174 52.8072 49.0357
175 51.6578 49.1014
176 44.28 46.5727
177 47.14 47.7109
178 47.14 47.7649
179 51.4579 49.499
180 52.4134 48.8894
181 52.3877 48.8491
182 50.6247 49.4265
183 50.1513 49.5183
184 49.7386 49.5339
185 49.6676 49.5275
186 49.7054 49.5331
187 49.7039 49.5363
188 49.707 49.5394
189 49.7163 49.5408
190 49.719 49.5416
191 49.7163 49.5428
192 49.6865 49.5547
193 49.6942 49.5509
194 49.6662 49.5493
195 49.6853 49.5469
196 49.6507 49.5017
197 49.5193 49.5311
198 50.1545 49.528
199 49.5945 49.5925
200 49.6251 49.5786
201 49.4369 49.6649
202 49.1336 49.8142
203 49.1746 49.7102
204 49.5073 49.502
205 49.5949 49.5524
206 49.6049 49.5474
207 50.6032 49.3951
208 50.1896 49.4862
209 49.367 49.7601
210 49.3215 49.7651
211 49.3197 49.7756
212 49.3173 49.7693
213 49.3185 49.7627
214 49.3295 49.7942
215 49.3241 49.7514
216 49.2277 49.812
217 48.8961 49.3254
218 49.2911 49.5775
219 49.1117 49.7264
220 48.7515 49.9997
221 49.2561 49.7593
222 49.3306 49.6828
223 49.3218 49.548
224 49.2706 49.6254
225 49.4212 49.5869
226 48.8583 49.9034
227 49.3215 49.7129
228 49.287 49.6695
229 49.2021 49.7281
230 50.5652 49.4912
231 48.9969 49.9554
232 49.3966 49.6134
233 49.3659 49.5871
234 46.8545 50.7168
235 54.3532 48.0236
236 52.4431 47.9374
237 52.4429 47.9516
238 52.4429 47.9516
239 52.4407 48.1076
240 52.5986 48.2636
241 54.2089 48.006
242 52.3524 47.8215
243 52.3555 47.8397
244 52.3555 47.8397
245 52.3896 48.0409
246 53.6036 48.0827
247 53.0538 48.0898
248 51.8971 48.3946
249 44.28 45.9922
250 47.14 46.9509
251 47.14 47.0157
252 51.6527 48.9371
253 52.6348 47.9794
254 52.5994 47.9341
255 51.118 48.9778
256 50.697 49.1798
257 50.5835 49.2258
258 50.5588 49.2292
259 50.5911 49.2238
260 50.5862 49.2272
261 50.5891 49.229
262 50.6004 49.2267
263 50.6027 49.227
264 50.599 49.229
265 50.5584 49.2499
266 50.564 49.2451
267 50.5413 49.2469
268 50.5497 49.2489
269 50.5318 49.2101
270 50.3992 49.2779
271 50.6636 49.1961
272 50.4322 49.3157
273 50.4537 49.2975
274 50.2565 49.4222
275 49.5261 49.6202
276 50.5247 49.4331
277 50.4183 49.2514
278 50.4718 49.2728
279 50.4656 49.2688
280 50.9706 48.9635
281 50.7019 49.1422
282 50.0893 49.5638
283 50.0276 49.5788
284 49.9681 49.5903
285 49.9733 49.5821
286 50.0277 49.5744
287 49.9462 49.6142
288 50.0399 49.562
289 49.7906 49.6312
290 49.5253 49.2563
291 50.1357 49.3876
292 49.4867 49.5852
293 49.0522 49.8714
294 49.7955 49.5607
295 50.118 49.4811
296 50.1803 49.3501
297 49.8289 49.4402
298 50.2452 49.3592
299 49.2052 49.7367
300 50.0996 49.5012
301 50.0849 49.4806
302 49.7224 49.5435
303 50.7515 49.1071
304 49.3903 49.8086
305 50.2337 49.3886
306 50.2047 49.3737
307 42.6221 61.7322
308 42.2109 64.4968
309 41.1881 65.1399
310 39.5532 66.9023
311 39.3444 66.2876
312 39.524 65.986
313 39.5809 65.5079
314 39.4984 65.0902
315 39.4346 64.6014
316 39.3213 64.2161
317 43.7974 57.4832
318 41.9738 70.9314
319 42.0289 69.7828
320 41.154 69.7462
321 39.8246 70.122
322 38.7008 69.7995
323 44.6202 56.1846
324 44.7819 56.8868
325 44.2647 56.9181
326 44.1286 57.5615
327 44.0967 57.4158
328 41.9196 60.2392
329 42.3151 60.2748
330 42.8721 59.2694
331 39.8112 67.4605
332 40.2779 68.0544
333 42.5436 60.3776
334 41.0077 62.729
335 39.7468 68.6531
336 41.5479 68.7565
337 43.386 59.9861
338 43.2118 61.4479
339 42.6291 61.7665
340 41.81 62.7302
341 41.7031 62.4069
342 41.4252 62.8074
343 43.9562 62.8862
344 46.5385 62.7107
345 48.0072 62.7112
346 53.5 63.0605
347 40.942 59.1393
348 46.2057 48.5017
349 45.616 48.6328
350 37.8614 45.0058
351 45.6584 48.716
352 46.5343 49.0573
353 46.6527 49.0631
354 46.7655 49.0231
355 47.365 49.0266
356 54.2592 49.2103
357 54.9079 49.2126
358 55.2355 49.1725
359 56.823 49.0947
360 59.1763 49.0153
361 59.3758 49.0448
362 59.1604 48.7974
363 59.1764 48.1602
364 44.7416 50.2493
365 54.9775 50.5335
366 54.4665 49.625
367 56.5357 49.036
368 52.7761 49.0273
369 45.6494 48.3768
370 48.1723 49.4083
371 47.7061 49.6368
372 47.4923 49.596
373 47.619 49.6234
374 47.7151 49.7234
375 47.8806 49.7052
376 47.9841 49.6563
377 48.4564 49.607
378 54.2592 49.343
379 54.9079 49.2927
380 55.2355 49.2465
381 56.823 49.1674
382 59.1763 49.0618
383 59.3758 49.0888
384 59.1604 48.8399
385 59.1764 48.1997
386 45.9781 50.8521
387 54.9775 50.5658
388 54.4665 49.6347
389 56.5357 49.1312
390 52.7761 49.4371
391 48.0797 49.5985
392 47.4423 49.6386
393 47.488 49.7452
394 45.9107 49.0258
395 47.5272 49.8944
396 47.6467 49.9233
397 47.5622 49.6435
398 47.9046 49.568
399 51.5363 49.5304
400 52.4096 49.438
401 52.5612 49.4061
402 53.007 49.1674
403 48.1033 50.3849
404 51.5276 47.8574
405 48.0594 50.5888
406 47.798 50.5015
407 47.4222 51.0275
408 59.2146 51.6582
409 48.3539 49.7661
410 49.3382 50.0092
411 49.6333 49.8879
412 50.7444 50.1387
413 50.7444 50.0734
414 44.4266 55.1595
415 44.9501 54.9209
416 45.4534 54.7782
417 45.5767 54.2973
418 45.5484 54.1753
419 46.8987 51.9833
420 45.4289 52.9955
421 64.7447 49.3856
422 65.2015 49.6002
423 65.196 50.0942
424 64.1484 49.4949
425 65.0688 46.5185
426 64.3711 49.2746
427 62.3422 48.0183
428 60.2616 48.4004
429 58.3032 45.9042
430 55.7803 46.785
431 40 39.0595
432 64.7447 49.4057
433 65.2015 49.6174
434 65.196 50.111
435 64.1484 49.5079
436 65.0688 46.5304
437 64.3711 49.29
438 62.3422 48.0259
439 60.2616 48.4357
440 58.3032 45.9288
441 55.7803 46.7752
442 40 39.0651
443 47.8622 50.1518
444 46.6843 50.0326
445 51.9268 48.9578
446 47.3491 50.0604
447 47.9055 50.1144
448 46.6958 49.9941
449 51.9268 48.9181
450 47.3602 50.0319
451 43.8941 53.3001
452 46.6607 51.0593
453 53.2576 48.3797
454 53.4314 48.1693
455 45.3935 53.5232
456 57.7034 63.7262
457 44.0498 53.1221
458 43.9126 56.4431
459 41.6668 56.1142
460 68.2702 62.2026
461 61.6224 49.7339
462 56.1441 47.6983
463 43.4375 52.5514
464 54.0797 45.522
465 29.4345 63.9024
466 62.7667 61.0596
467 58.6297 53.8275
468 57.8258 54.5013
469 53.8821 47.7277
470 53.4027 48.7755
471 53.3016 49.959
472 54.1672 49.9936
473 53.8199 50.118
474 55.7863 49.8993
475 52.021 50.5076
476 58.4962 49.8598
477 53.1207 50.1991
478 52.2994 50.5371
479 52.0938 50.0209
480 52.6739 49.8048
481 52.5128 50.6346
482 53.545 50.6653
483 56.2245 50.2073
484 54.6827 49.8817
485 56.0994 49.9817
486 51.6304 50.6033
487 53.946 50.5455
488 45.5065 52.1687
489 53.4133 48.7396
490 46.6742 50.9122
491 60.2476 49.3128
492 61.3723 49.9916
493 52.9157 51.3101
494 52.0851 50.4915
495 52.1869 50.4485
496 53.2343 50.0166
497 53.1058 49.516
498 53.2259 49.5659
499 53.2487 49.5862
500 53.2002 49.5994
501 53.0255 49.6207
502 54.0571 50.5132
503 47.4575 50.8194
504 60.2404 49.9238
505 47.2287 52.512
506 52.4618 50.8486
507 90.0031 75.9497
508 65.6853 48.3167
509 70.0094 54.849
510 65.8004 47.1079
511 63.2699 50.3708
512 90.048 56.1716
513 65.6371 48.268
514 70.144 49.5147
515 67.0906 45.851
516 63.8385 47.7935
517 80.196 38.4789
518 69.7219 44.6364
519 66.6654 42.0973
520 62.4864 46.5157
521 69.4436 41.8739
522 67.1887 51.5502
523 73.6383 43.1337
524 73.8459 49.4028
525 82.0439 31.1183
526 82.1088 58.7024
527 73.621 49.5684
528 73.8295 49.69
529 82.0319 54.5817
530 82.0971 51.8072
531 69.3727 42.6324
532 56.3679 33.8913
533 56.9659 33.1061
534 58.4823 33.3613
535 59.1044 34.7364
536 61.0132 34.9557
537 56.8062 33.0893
538 57.5411 32.8637
539 59.4443 32.6662
540 44.0454 30.6617
541 55.7644 30.0921
542 56.2776 33.4529
543 57.315 37.9179
544 57.675 37.347
545 58.0968 37.3997
546 58.266 37.7487
547 58.7625 37.8054
548 57.6945 37.3321
549 57.8317 37.27
550 58.3516 37.197
551 55.9844 36.6828
552 57.4371 36.5371
553 57.5181 37.3892
554 69.7995 32.7911
555 75.4091 33.1469
556 75.4132 39.1157
557 75.3819 43.1781
558 75.4887 44.1424
559 62.4165 37.8342
560 63.8353 37.9365
561 63.858 39.4196
562 63.8296 40.4389
563 63.8098 40.7889
564 55.1165 47.3869
565 63.9562 40.1883
566 45.8843 42.4897
567 43.7626 49.0515
568 46.6106 41.0201
569 58.2459 44.5439
570 55.6147 47.3705
571 54.7713 43.8973
572 55.573 46.9774
573 56.136 40.8137
574 56.5051 40.4148
575 56.599 40.4166
576 56.6837 40.4421
577 55.9419 41.2773
578 56.839 39.6913
579 57.0748 39.655
580 57.1553 39.7296
581 56.7368 40.4324
582 56.4264 40.408
583 56.5679 40.3017
584 56.6683 40.2399
585 57.3085 39.7456
586 57.0797 39.6463
587 56.9146 39.6139
588 57.1707 39.5082
589 56.6484 40.1955
590 56.4144 40.2154
591 56.6926 40.2402
592 57.1326 40.3133
593 56.7831 39.3768
594 57.0525 39.3412
595 56.8759 39.5199
596 58.0859 39.6007
597 57.3518 40.4063
598 57.2752 40.5566
599 57.2457 40.7835
600 56.2369 42.6319
601 58.5241 39.6812
602 58.6169 40.034
603 58.5271 40.3166
604 58.3358 40.8441
605 44.7374 48.9018
606 53.6932 44.2291
607 57.2841 39.9777
608 47.0087 48.3386
609 53.3538 44.4447
610 54.65 40.5959
611 55.6644 40.513
612 55.8873 40.5265
613 56.2723 40.571
614 56.6327 40.5587
615 54.6944 40.5886
616 55.936 39.8815
617 56.6391 39.715
618 56.9811 39.6467
619 54.6882 39.7031
620 56.1267 39.4697
621 56.8987 39.8307
622 57.7377 40.0841
623 57.0102 40.3358
624 57.1378 41.1152
625 56.3614 42.4574
626 42.0662 47.269
627 54.4641 46.3496
628 52.919 43.7995
629 52.1838 43.8097
630 52.5828 43.8803
631 53.4539 44.2174
632 52.6787 44.3331
633 48.3052 44.7337
634 53.4328 45.242
635 53.0163 45.2293
636 52.7662 44.8646
637 52.4854 44.9143
638 48.4656 44.9263
639 52.4684 46.9561
640 51.16 47.7202
641 39.2754 49.5214
642 27.6391 20.3277
643 38.5 20.2655
644 54.8571 20.2742
645 64.5918 20.3557
646 74.379 20.3576
647 27.0055 20.4334
648 47.5 19.028
649 60.9835 18.7329
650 75.1265 18.6121
651 32.5331 18.6786
652 38.5 18.1708
653 60.9674 18.8771
654 80.62 19.2883
655 79.1611 24.1992
656 79.4795 39.1181
657 78.655 50.4772
658 46.2782 40.6553
659 53.8819 40.531
660 54.7141 40.5483
661 56.1835 40.7114
662 57.7579 40.7151
663 45.011 40.8668
664 54.923 38.0559
665 57.9669 37.4658
666 59.253 37.2241
667 47.0663 37.3573
668 55.1898 36.3416
669 57.9349 37.7543
670 61.2399 38.5765
671 58.3223 39.3984
672 58.959 42.2363
673 57.3099 45.9544
674 35.6851 61.3828
675 39.5473 69.7164
676 42.4786 50.5162
677 44.4312 54.8045
678 60.1825 31.7352
679 60.346 31.7416
680 60.8322 31.3628
681 63.0975 31.435
682 66.2671 30.8241
683 64.6805 31.4068
684 60.9824 31.9247
685 61.892 30.3104
686 78.3625 51.0016
687 79.4646 52.7714
688 79.463 55.6991
689 79.327 58.0584
690 59.4789 42.8179
691 61.4529 44.3107
692 56.2593 38.1586
693 56.1497 39.2231
694 59.7298 35.1079
695 55.7119 34.1037
696 79.9086 43.7832
697 61.8583 40.7579
698 36.8322 43.0482
699 57.5659 43.7033
700 69.748 42.8109
701 62.592 43.8978
702 87.6117 37.3931
703 70.2206 49.729
704 70.1939 50.9716
705 71.4221 48.5929
706 77.3963 43.2018
707 73.8518 45.0782
708 72.737 43.4399
709 57.1359 47.4244
710 57.2129 46.8368
711 60.8431 50.1325
712 60.8802 49.5101
713 76.6431 41.8329
714 59.7024 41.5777
715 61.532 42.9289
716 61.5985 39.4516
717 61.9837 39.8707
718 70.9805 42.5632
719 37.0626 78.1757
720 35.694 83.6306
721 31.8256 83.9813
722 29.0804 83.9606
723 27.4192 83.6914
724 30.0599 78.6326
725 30.0708 76.8035
726 30.0549 74.986
727 30.0426 72.9619
728 30.0207 71.1507
729 30.3696 66.7491
730 22.6237 71.8826
731 38.6322 51.3591
732 39.6723 51.2592
733 39.9476 51.2325
734 40.0986 51.2188
735 40.3421 51.1975
736 40.4407 51.1887
737 40.4089 51.1916
738 40.3999 51.1924
739 40.3566 51.1963
740 40.3649 51.1957
741 40.245 51.207
742 37.5097 51.4718
743 39.4605 51.277
744 39.9877 51.2292
745 37.9524 51.4075
746 31.5523 51.9555
747 39.0063 51.443
748 41.229 50.9031
749 30.9511 52.1121
750 64.955 48.132
751 30.2667 100
752 21.0667 100
