1 88.0208 1.50009
2 0.78125 0.883646
3 87.529 7.33672
4 87.529 6.71784
5 50.7833 9.98811
6 38.3668 8.26254
7 63.3066 20.1184
8 63.2093 20.8595
9 51.0136 9.71602
10 38.3565 27.9943
11 38.3646 16.3502
12 63.2093 18.4448
13 38.3998 29.0349
14 63.4006 11.5805
15 38.1851 32.1566
16 75.1098 6.64522
17 50.8137 10.7367
18 75.4698 9.68545
19 76.2092 20.359
20 75.7391 8.37866
21 63.2281 11.1295
22 50.6542 7.02554
23 63.212 9.88311
24 63.0689 9.71
25 75.2502 10.3247
26 63.3051 16.4771
27 63.3529 14.4886
28 38.5478 17.8192
29 50.6087 11.6575
30 25.7813 37.5
31 1.37794 22.6078
32 1.25 8.03718
33 50.6565 10.2715
34 63.3843 10.4405
35 87.8125 5.61323
36 75.3762 7.96126
37 75.3936 7.97076
38 75.3705 8.064
39 75.4955 8.05322
40 63.376 9.07609
41 75.4348 7.74714
42 63.459 8.79928
43 75.7812 7.52898
44 87.8125 8.0913
45 13.75 8.83116
46 88.0208 4.23307
47 63.5307 10.1943
48 75.1753 8.98221
49 63.67 10.2649
50 63.5735 10.2118
51 75.8968 8.50846
52 1.35118 11.4845
53 63.511 9.78764
54 63.4133 9.56981
55 75.6325 7.71609
56 63.3484 9.16699
57 50.956 10.337
58 87.5 5.44842
59 87.7301 91.7332
60 87.5452 90.6638
61 62.7764 8.48452
62 62.8154 7.2003
63 62.7764 7.94177
64 51.5625 4.9752
65 87.5414 89.7498
66 62.8752 7.38727
67 76.1793 90
68 51.1287 10.686
69 87.6793 89.6733
70 75.961 23.0365
71 75.8703 23.2658
72 75.7283 23.0101
73 75.6544 6.7075
74 75.7076 20.4561
75 76.193 22.3779
76 75.6879 6.7075
77 75.8366 22.325
78 75.0549 7.90611
79 75.0843 7.06815
80 75.0389 8.75104
81 75.1491 9.76078
82 88.125 7.67414
83 38.3565 32.1566
84 25.7129 40.3449
85 38.3565 32.1566
86 88.0477 24.2041
87 88.0477 24.2423
88 38.5452 27.9943
89 63.2138 12.2152
90 38.7426 8.88133
91 38.5971 6.37257
92 50.9601 7.24072
93 62.6935 8.21438
94 50.52 10.3204
95 63.3766 10.6773
96 38.3565 32.1566
97 38.3565 32.1566
98 13.4913 91.704
99 37.8465 8.26254
100 75.0839 91.8323
101 25.6001 91.7397
102 1.04072 8.32121
103 38.6676 18.9665
104 75.6118 10.2561
105 38.3164 17.9911
106 38.351 44.5633
107 25.6932 88.7274
108 26.21 20.235
109 50.52 9.73977
110 38.1365 29.8034
111 37.8307 41.6557
112 37.8362 32.1566
113 63.2138 8.21438
114 63.3834 23.2489
115 63.1129 18.5669
116 13.4962 21.0579
117 38.3565 27.9943
118 25.9735 8.29925
119 38.1591 7.34145
120 38.5925 19.7215
121 75.0915 8.17492
122 26.0391 90.908
123 38.013 8.26254
124 26.4794 68.137
125 75.4245 8.17492
126 63.1364 10.2131
127 37.8465 8.26254
128 25.7651 8.29925
129 63.2138 8.21438
130 26.3589 90.9344
131 26.052 90.9344
132 50.7349 11.8345
133 50.8878 21.6505
134 63.0626 18.3325
135 50.8878 22.5639
136 63.3142 10.745
137 88.0892 8.23994
138 13.5082 8.31849
139 88.0892 8.23994
140 13.9965 7.4836
141 50.4052 21.1008
142 38.6172 8.31258
143 38.5268 91.7302
144 38.3506 91.7302
145 63.2838 91.7849
146 75.2009 91.8087
147 50.6542 9.86221
148 75.2321 68.5194
149 63.2582 18.7797
150 25.4607 40.4248
151 1.19874 20.9088
152 87.5691 5.88765
153 63.1023 17.3969
154 50.8119 20.2398
155 75.2427 20.359
156 50.5738 21.2177
157 13.5066 29.6315
158 63.0454 19.6366
159 13.5066 29.6315
160 63.4051 10.2994
161 75.4608 19.0835
162 75.135 90.6589
163 75.3451 7.70353
164 75.4822 8.30178
165 75.1014 8.13865
166 63.2311 8.69843
167 50.5018 8.82823
168 75.4822 8.30178
169 14.0313 6.25
170 38.41 18.8222
171 37.6953 33.143
172 37.6953 30.0714
173 13.709 24.7119
174 13.6245 24.4829
175 13.5669 24.6175
176 13.5669 24.6175
177 13.5596 24.604
178 13.5669 24.6175
179 13.6722 24.6559
180 25.5526 26.1383
181 1.40996 21.6297
182 13.5275 24.3692
183 13.6864 24.7098
184 1.46302 24.5689
185 1.44709 24.7576
186 13.397 24.7529
187 1.44709 24.7222
188 1.44709 24.7517
189 13.4723 24.7962
190 13.9797 24.9481
191 13.6361 24.7846
192 25.8689 30.1539
193 25.6808 31.3436
194 25.7553 31.7543
195 25.7995 37.6011
196 25.8152 31.4484
197 25.7 31.2698
198 25.7742 32.2408
199 25.7235 31.3847
200 25.816 28.2444
201 25.7452 28.7673
202 25.7486 31.2489
203 25.6808 30.7159
204 25.8571 37.5578
205 25.7382 40.2575
206 25.7462 31.6568
207 25.7376 32.6387
208 25.8462 30.2545
209 25.7464 37.694
210 13.934 24.7119
211 25.6975 31.7366
212 25.7984 40.2452
213 25.7859 32.3134
214 25.752 32.2849
215 25.6756 30.4169
216 13.8545 24.5186
217 25.7911 31.3579
218 25.8294 30.3392
219 25.9019 30.5147
220 25.7418 32.1004
221 25.6073 38.2241
222 13.9276 24.7541
223 13.913 24.6734
224 13.8879 24.6841
225 25.6825 28.4297
226 25.5041 39.1048
227 13.9094 24.6819
228 13.8306 24.6192
229 13.9149 24.5074
230 25.5316 40.5519
231 25.9058 35.0175
232 25.7287 37.9223
233 25.62 28.6894
234 25.6315 37.9678
235 25.7394 30.8847
236 25.8433 38.0208
237 25.8056 40.1042
238 25.9114 32.9031
239 25.8131 32.3307
240 25.8318 31.3817
241 25.9907 37.7563
242 25.8375 38.3901
243 25.7051 37.9243
244 25.7454 38.4017
245 25.624 38.4602
246 25.6406 40.3384
247 25.964 31.3257
248 25.897 33.7221
249 25.7749 38.184
250 25.9387 33.5352
251 25.9083 37.8279
252 25.7638 37.8927
253 25.7973 37.9188
254 25.8132 38.0092
255 25.7826 38.3418
256 25.7464 37.8478
257 26.1259 30.7587
258 37.8906 31.4373
259 13.8564 24.6155
260 25.5484 39.6373
261 25.9138 27.8479
262 25.9348 37.7817
263 25.7814 38.2729
264 38.2812 6.25
265 0.78125 12.5
266 0.78125 24.9822
267 0.761426 24.2794
268 1.42284 24.6086
269 1.44709 24.7631
270 63.023 21.9014
271 75.4859 16.2583
272 14.0295 9.9918
273 38.8399 16.429
274 38.3321 10.0453
275 75.5208 6.7166
276 26.3525 11.4536
277 1.25 12
278 37.9976 9.38303
279 38.1359 10.5282
280 1.49849 18.75
281 38.3093 7.29248
282 1.43447 11.9479
283 13.5008 8.99728
284 75.372 7.6483
285 50.1974 12.4973
286 50.1974 12.4973
287 13.8342 12.1457
288 13.9159 11.9948
289 26.1753 14.463
290 26.3528 15.4585
291 26.3887 15.781
292 26.4659 12.0172
293 38.0864 15.6987
294 37.9004 11.642
295 50.1583 11.29
296 50.3962 11.8306
297 38.2995 14.2137
298 38.2686 10.5218
299 38.7704 20.334
300 50.3692 12.2549
301 38.0208 11.9993
302 38.6959 17.6958
303 50.2677 11.4018
304 25.7501 10.5453
305 26.3076 10.9978
306 13.1329 7.90995
307 38.1791 9.68967
308 50.2848 10.6881
309 26.1607 11.2441
310 26.2122 11.5413
311 26.0537 12.0114
312 26.2953 15.1455
313 25.8235 13.9977
314 26.329 11.5957
315 13.4619 11.8567
316 37.8925 14.0649
317 26.4179 16.2619
318 26.3052 14.9502
319 26.2938 14.5141
320 26.3078 15.2016
321 50.183 12.2844
322 38.0228 15.5901
323 37.9816 11.5573
324 26.2299 14.4108
325 26.2935 14.8514
326 26.1356 14.3694
327 26.1894 14.0152
328 26.3844 11.7606
329 26.3846 11.6993
330 26.4506 12.2563
331 26.4506 12.2563
332 26.3264 12.1609
333 26.3961 14.7894
334 26.3803 11.9266
335 26.4392 11.9515
336 26.3604 11.6041
337 26.4467 12.2503
338 26.3622 12.0982
339 26.3887 12.228
340 25.9005 13.6073
341 26.0263 11.311
342 25.9032 13.6174
343 26.0272 13.8002
344 38.0885 11.4806
345 26.3135 11.3829
346 26.1637 14.6061
347 25.9389 14.6217
348 26.1828 14.1069
349 26.361 11.8729
350 26.3859 11.9292
351 26.3787 12.1612
352 25.6587 13.478
353 50.3337 12.0586
354 13.745 12.2038
355 13.7806 11.5657
356 37.7703 11.3734
357 38.4853 17.3611
358 38.6082 18.0686
359 38.6257 19.2072
360 38.613 18.7575
361 26.4278 12.1952
362 38.2408 11.3175
363 38.1844 14.7101
364 26.344 14.9937
365 26.3284 11.2033
366 37.9075 14.7992
367 26.3737 12.2623
368 37.8165 11.046
369 26.3129 11.4066
370 25.9851 13.6081
371 26.1536 12.089
372 13.2653 11.3213
373 63.1812 10.0846
374 50.2503 12.4691
375 38.8058 18.6816
376 37.8313 13.4098
377 38.0161 14.6518
378 38.0064 11.7984
379 37.9415 11.3883
380 38.3404 11.7647
381 38.1462 13.1684
382 37.8153 10.491
383 37.9573 11.7557
384 37.9104 14.3419
385 38.7518 19.3872
386 50.2394 18.336
387 50.2186 17.9272
388 50.5403 9.50133
389 38.9151 7.68687
390 75.3074 8.16768
391 50.6084 10.9431
392 63.0743 9.91073
393 38.9888 3.84343
394 1.46742 12.2693
395 1.40754 12.4474
396 13.6285 11.6287
397 25.9025 10.9103
398 25.966 15.249
399 13.7725 12.3611
400 13.6226 12.2998
401 13.856 12.3897
402 13.486 16.1019
403 1.46911 12.4702
404 25.9471 15.3385
405 13.9835 10.9713
406 13.9331 10.7567
407 14.0008 10.9899
408 26.1093 14.8562
409 26.0067 16.1547
410 26.191 16.2814
411 26.191 14.9305
412 26.2057 11.7187
413 37.876 15.2507
414 26.2221 14.9488
415 26.1916 14.5381
416 26.0504 11.5989
417 25.9818 14.7793
418 26.0991 14.4746
419 13.7187 11.8817
420 25.9407 15.1952
421 1.45397 12.129
422 13.8749 11.0848
423 13.5684 11.7042
424 50.4014 19.6746
425 63.2812 11.1525
426 0.625 12.25
427 1.23064 19.8753
428 1.35652 11.0221
429 75.2807 6.79549
430 75.2625 8.2077
431 39.0351 22.2729
432 38.9529 21.4554
433 88.0682 4.42691
434 38.9594 21.0121
435 38.568 3.1779
436 13.5938 8.2583
437 63.2812 16.9426
438 38.7732 10.4094
439 50.5162 68.75
440 13.2813 9.01268
441 38.402 30.433
442 25.7812 18.75
443 50.6471 12.0976
444 63.0766 11.196
445 50.9793 10.2422
446 25.6504 95.0048
447 50.3125 90
448 50.7812 3.47936
449 14.0417 6.33768
450 63.1073 10.862
451 1.17187 9.84375
452 50.2042 19.0055
453 50.4212 12.0192
454 38.9242 21.916
455 50.4458 17.303
456 38.4891 8.28038
457 38.6366 8.35722
458 38.6223 27.6648
459 50.5197 90.7738
460 25.9766 6.68235
461 38.6294 90
462 38.6266 42.798
463 0.768793 91.2672
464 0.952514 91.2672
465 0.952514 91.2672
466 1.33247 20.8333
467 1.23969 30.6902
468 38.5036 5.33659
469 50.1919 20.2716
470 50.1919 20.2716
471 1.4133 94.4273
472 1.4133 94.4273
473 13.1434 94.6838
474 13.1434 94.6838
475 88.2102 5.20763
476 38.7419 28.086
477 38.6746 27.1561
478 38.6526 28.2474
479 38.6992 27.4997
480 38.5298 28.2528
481 1.37179 95.3008
482 12.5 5.88768
483 50.3221 18.5748
484 50.3383 18.7929
485 50.5873 10.8664
486 38.9398 22.8323
487 38.7758 26.9273
488 50.1977 21.8965
489 38.7912 27.861
490 38.6719 21.9424
491 1.08093 22.8468
492 38.5939 20.5507
493 38.6068 28.2383
494 50.5038 21.3941
495 13.8507 20.8344
496 50.5038 21.3941
497 75.5208 8.33333
498 38.8099 29.3848
499 38.7808 29.3848
500 38.8005 30.199
501 38.768 30.3524
502 50.3612 18.7857
503 50.2778 19.9092
504 50.4315 18.4234
505 13.75 9.94784
506 50.6884 11.8265
507 50.7675 17.7369
508 50.4391 18.4214
509 1.00201 45.8333
510 1.40782 22
511 1.33488 91.6667
512 1.37707 9.95514
513 25.8259 41.9643
514 1.45429 11.7754
515 13.1696 32.5729
516 1.29573 32.2997
517 13.2839 90.9537
518 1.38052 81.4121
519 12.5744 31.8349
520 1.30722 88.3202
521 1.30716 79.3456
522 1.25119 90.9617
523 1.30208 11.9422
524 1.32543 80.8762
525 1.09071 92.9317
526 1.09071 92.9317
527 0.928382 94.1837
528 0.928382 94.1837
529 0.854816 94.5271
530 38.7248 18.6811
531 38.6719 27.1116
532 1.35067 22.2702
533 63.3335 9.96969
534 1.18107 90.6015
535 1.15294 92.0113
536 25.9226 95.1633
537 38.4056 26.1075
538 1.40674 21.6289
539 88.2812 6.01835
540 63.1326 11.1591
541 1.34204 21.6453
542 1.38636 20.6085
543 51.1127 20.7013
544 38.7473 18.4826
545 88.0371 8.81402
546 50.5728 18.0886
547 88.0493 11.48
548 88.0477 23.9093
549 13.6064 8.30804
550 87.921 54.2012
551 13.354 33.4659
552 51.0943 68.1545
553 51.0262 68.1545
554 88.0433 76.1405
555 13.4913 91.704
556 51.0148 79.1012
557 75.6099 31.6869
558 88.0402 91.8698
559 88.2222 76.1405
560 12.9771 8.30804
561 63.2042 48.3803
562 38.3668 8.26254
563 13.4974 8.30804
564 88.0455 41.8963
565 88.0433 75.8075
566 88.0433 77.8054
567 88.0402 90.2049
568 75.3512 19.6732
569 87.5199 91.8698
570 25.9452 91.7397
571 88.0402 91.8698
572 88.0402 91.8698
573 75.4245 8.17492
574 1.20372 78.3161
575 50.6296 9.80009
576 38.2131 42.4396
577 38.4274 31.0214
578 38.2355 42.3977
579 13.4962 20.1845
580 1.22164 9.76838
581 13.9908 91.704
582 75.0839 91.8323
583 1.03102 91.682
584 0.776716 93.5403
585 0.777206 91.8833
586 1.01922 8.32121
587 1.46793 67.2425
588 13.0207 34.2652
589 1.42478 22.9597
590 13.0855 32.6608
591 13.0521 30.5428
592 1.35289 31.0453
593 1.34886 30.6522
594 1.34923 31.0372
595 13.5014 91.6753
596 88.0814 47.6596
597 88.078 55.622
598 88.0814 46.3671
599 88.0689 76.1115
600 88.0767 65.8919
601 88.0689 78.1087
602 88.0854 23.3938
603 75.4841 91.8087
604 1.03856 56.4309
605 87.5462 91.8319
606 1.03435 75.9402
607 1.03435 75.6073
608 1.03435 77.6045
609 1.03435 79.2688
610 88.3135 25
611 88.5899 91.25
612 26.2277 56.0243
613 51.1124 65.4804
614 62.7974 33.8486
615 51.1047 55.9586
616 51.1288 55.6355
617 51.1444 56.3181
618 62.9324 34.081
619 38.5708 44.791
620 62.9568 36.1826
621 62.9304 23.6596
622 63.5122 21.233
623 51.0504 54.3119
624 13.2812 58.2052
625 51.0987 54.4877
626 51.0721 54.2575
627 51.0883 65.5744
628 38.7567 45.916
629 62.9568 36.2847
630 62.9663 56.8101
631 51.0714 65.7983
632 51.2679 54.4604
633 0.796322 93.1715
634 0.616587 92.3148
635 0.945534 94.42
636 0.618005 91.8256
637 0.652296 91.572
638 0.987118 94.2505
639 0.98206 94.2452
640 0.818441 92.3727
641 50.7803 23.7218
642 62.8345 31.319
643 50.9924 23.9419
644 50.4362 54.4864
645 88.2812 6.25
646 1.34857 28.9538
647 1.35029 22.3395
648 26.2175 54.6198
649 62.9988 24.9365
650 62.5595 34.9656
651 62.5342 36.1199
652 50.8399 65.6746
653 38.7964 43.8371
654 50.8079 32.5868
655 50.9716 24.8026
656 50.7032 35.4246
657 50.8888 36.0004
658 50.6515 65.6746
659 26.2057 53.7775
660 50.5735 35.5392
661 50.7325 54.6175
662 62.5201 35.8112
663 51.0721 57.1612
664 50.3318 36.7235
665 50.6659 36.6872
666 13.1894 34.0174
667 75.3906 24.9099
668 1.14583 9.04762
669 50.9949 21.9909
670 51.3111 55.4996
671 75.4954 68.75
672 75.5894 90.625
673 75.5403 9.89583
674 38.3864 40.7477
675 1.45833 11.1905
676 1.23286 22.2352
677 0.679718 24.5672
678 1.11958 24.4844
679 1.13957 24.4553
680 0.799644 24.3921
681 1.13957 24.4553
682 75.8107 19.9455
683 50.6793 32.6837
684 38.8565 41.8462
685 50.7139 35.1492
686 50.6703 32.6144
687 38.822 42.851
688 26.3588 52.9417
689 38.7776 63.1055
690 50.4161 23.7228
691 50.4232 23.7009
692 38.6255 43.8628
693 38.6711 45.1618
694 50.2849 35.0257
695 1.17187 90.625
696 26.3567 55.7504
697 38.5102 63.4289
698 26.333 54.2145
699 26.3722 54.5099
700 38.7335 44.8212
701 50.4883 23.7685
702 38.6793 44.1609
703 50.4007 34.7792
704 62.5437 35.6576
705 38.3954 42.8698
706 50.7924 90.625
707 50.8079 34.758
708 62.5071 44.6418
709 12.5 31.25
710 1.45553 32.2688
711 12.7819 30.3093
712 12.8218 28.9296
713 12.5471 31.6287
714 12.5434 46.5651
715 1.48978 52.5998
716 13.5383 9.375
717 1.48824 35.8062
718 12.5874 45.4706
719 12.5625 45.4941
720 1.44204 42.5081
721 1.08666 8.69209
722 1.02084 78.954
723 13.5386 9.375
724 13.5374 9.375
725 1.31647 53.617
726 1.4991 36.2124
727 12.8111 34.375
728 13.5374 9.375
729 1.5625 9.375
730 1.42678 52.0234
731 12.526 46.6124
732 12.515 46.9936
733 12.5216 45.1145
734 1.39432 42.3082
735 12.857 45.4111
736 1.39249 43.9422
737 1.42034 39.9236
738 1.52526 35.4751
739 1.41957 43.1051
740 1.36503 41.9063
741 1.3788 44.0932
742 1.40893 43.0138
743 12.5255 43.5826
744 1.40022 44.8216
745 1.36873 44.7859
746 1.40765 41.5227
747 1.44789 40.8789
748 12.6153 44.6162
749 1.35674 67.3551
750 12.5313 41.4971
751 1.47926 35.8524
752 1.28061 45.4066
753 12.8818 29.8702
754 12.8861 29.8702
755 12.7843 29.8702
756 12.8761 29.8702
757 12.7355 28.4227
758 12.726 44.1334
759 12.6197 46.256
760 1.37669 55
761 12.8879 29.8702
762 1.40267 30.6806
763 1.40691 33.9453
764 1.48136 44.6604
765 1.37783 32.8512
766 1.35966 33.7924
767 12.5647 45.8991
768 1.42094 43.8741
769 12.5651 45.9661
770 1.42094 44.2218
771 1.37751 79.1667
772 12.5613 45.5721
773 12.5678 46.1096
774 1.43462 66.821
775 1.46038 52.7518
776 1.44919 52.6311
777 1.30578 54.0237
778 1.48504 51.6738
779 1.45967 54.0982
780 1.45302 53.6197
781 12.6676 46.8231
782 1.44589 51.5512
783 12.7259 45.8619
784 1.50376 54.5894
785 1.45863 54.2759
786 12.7426 45.802
787 12.6897 46.5518
788 12.6618 45.7431
789 12.7405 45.633
790 12.6983 45.5093
791 12.6614 44.9998
792 1.49179 72.5213
793 12.9418 87.5
794 12.9418 87.5
795 12.9418 87.5
796 12.9418 87.5
797 1.36095 68.4525
798 1.35565 50.7767
799 1.39826 32.9438
800 12.6275 44.5514
801 1.45992 42.3473
802 1.48329 50.7115
803 12.5459 46.7247
804 1.45094 33.6276
805 1.48569 35.3206
806 1.37704 50.8835
807 1.39583 34.1667
808 1.25565 44.5599
809 1.27123 75.7068
810 1.31208 68.9147
811 1.17976 69.1177
812 1.17003 52.6681
813 1.24567 52.846
814 1.1268 75.3017
815 1.36234 69.4198
816 1.47569 55.5278
817 1.31332 69.0398
818 1.36165 68.0043
819 12.96 87.5
820 1.42116 71.2106
821 1.42116 71.2106
822 1.29136 69.4999
823 12.9621 87.5
824 1.36169 70.0334
825 1.36169 70.0334
826 0.702559 80.5
827 0.71731 78
828 0.78125 6.25
829 0.688757 93.75
830 0.78125 12.5
831 0.78125 11.25
832 0.78125 8.75
833 1.34498 43.2431
834 1.4138 45.544
835 1.2692 51.4828
836 1.46243 53.492
837 1.3333 51.8898
838 1.28128 51.8898
839 1.38985 46.7597
840 1.38077 35.255
841 1.42531 53.7433
842 1.44896 34.9329
843 1.3413 43.9404
844 12.8769 30.4316
845 12.969 43.8584
846 12.9487 33.6805
847 12.9693 33.6805
848 12.9505 33.6805
849 12.9995 33.6805
850 12.9674 33.6805
851 12.987 29.2173
852 1.42259 67.5389
853 1.34788 69.1899
854 1.36424 69.1899
855 1.43982 53.9331
856 1.30471 51.8268
857 1.3816 44.4623
858 1.22249 51.8349
859 12.6977 31.1116
860 1.42315 32.2124
861 12.6157 23.9389
862 12.972 20.5209
863 1.44015 35.2798
864 12.9821 20.839
865 12.5356 46.0075
866 1.38588 33.9794
867 12.9876 20.7838
868 1.45492 34.1078
869 1.45881 34.4333
870 12.6414 23.7753
871 12.9576 21.02
872 1.45079 34.6224
873 12.5503 44.7035
874 1.39315 33.5821
875 12.6701 21.1174
876 12.5594 45.6436
877 1.33133 42.8988
878 1.34911 33.5161
879 1.37228 33.692
880 1.405 21.2994
881 1.43426 31.3729
882 1.32644 54.1374
883 12.5896 45.6206
884 1.3252 41.8589
885 1.32928 41.5829
886 1.42942 23.8511
887 1.43504 34.4111
888 1.17187 11.875
889 1.23698 20.6165
890 63.514 53.1028
891 25.9591 68.137
892 1.0376 47.7251
893 63.5162 76.2988
894 63.1433 66.3994
895 63.2042 48.3803
896 63.2042 48.3803
897 63.7221 56.2748
898 63.7221 56.2009
899 63.4857 48.3803
900 63.6855 68.1906
901 38.2647 89.0106
902 25.9514 77.1787
903 25.9514 76.8929
904 26.0967 77.3023
905 25.9514 77.0907
906 62.7933 92.3904
907 25.9514 76.0492
908 75.0839 91.8323
909 25.9514 76.2449
910 38.5073 91.7783
911 38.8611 91.7783
912 25.9591 63.9747
913 25.9591 66.7496
914 25.9442 63.9747
915 25.8551 63.9747
916 26.3553 68.137
917 26.3856 68.137
918 26.413 68.137
919 26.156 75.6561
920 26.2961 67.3046
921 26.3555 67.5138
922 26.3555 67.5138
923 26.3012 68.137
924 26.4642 68.137
925 25.9591 63.9747
926 62.9288 32.131
927 25.9715 56.2654
928 1.04003 24.0803
929 1.0376 44.3953
930 37.8307 47.9667
931 1.03611 57.0956
932 0.930961 55.7183
933 1.24486 48.0697
934 63.2904 48.3803
935 26.0364 65.5913
936 63.2581 56.2748
937 75.6637 48.0648
938 38.5073 91.7783
939 63.6676 48.3803
940 63.2053 36.272
941 88.0455 46.0587
942 63.2053 36.2616
943 38.1348 82.1415
944 26.251 68.2911
945 25.9591 65.7348
946 25.9514 75.6267
947 63.493 48.3803
948 26.1302 66.0559
949 25.9591 63.9747
950 25.9591 66.0559
951 25.9591 66.1508
952 26.0304 66.6167
953 25.9579 64.5813
954 25.9591 63.9747
955 25.9591 68.137
956 25.4512 56.2654
957 87.7752 69.5149
958 75.8431 66.3837
959 25.9792 55.9296
960 87.6526 66.1091
961 87.722 67.1734
962 63.4646 72.6596
963 63.5423 56.2057
964 75.7573 72.6802
965 63.3142 65.7767
966 63.2914 79.6462
967 62.8613 89.252
968 63.2914 79.9604
969 50.3685 89.0153
970 50.3685 89.0153
971 63.1162 52.448
972 50.9078 53.7099
973 50.9644 54.6442
974 50.9078 53.4286
975 50.8984 64.4062
976 50.8035 68.4573
977 88.0072 10.9445
978 63.3875 67.2764
979 63.4236 55.4434
980 87.7445 77.3268
981 63.0393 52.448
982 51.0046 65.3694
983 75.6814 42.8209
984 88.078 55.6499
985 88.0814 42.1909
986 63.2031 54.8445
987 50.6286 89.0153
988 75.3967 44.9969
989 38.0527 91.4552
990 50.4943 91.752
991 38.3463 91.7302
992 75.394 44.7145
993 50.9078 56.6067
994 50.8984 68.4907
995 63.5289 55.0082
996 50.3747 80.0217
997 75.6843 35.2495
998 75.6713 87.648
999 87.8398 68.5548
1000 75.6843 32.355
1001 50.8984 65.4801
1002 50.3747 80.0217
1003 63.5865 56.2376
1004 63.2215 68.4988
1005 51.0697 64.2965
1006 75.7733 76.0158
1007 88.6132 90.3713
1008 88.5768 23.8636
1009 88.3205 91.9553
1010 88.3989 23.8636
1011 88.0384 30.1247
1012 88.4512 79.5221
1013 38.9066 62.7239
1014 38.8748 63.0545
1015 38.9621 51.7433
1016 50.2905 46.9295
1017 38.9394 51.0667
1018 50.2512 47.269
1019 50.5238 46.669
1020 38.8953 51.6563
1021 50.5661 37.4586
1022 50.2284 45.2911
1023 50.3455 43.9186
1024 26.3459 52.0393
1025 26.3322 51.9817
1026 38.9336 51.3529
1027 38.2066 62.5145
1028 38.1996 48.7791
1029 50.362 46.4072
1030 50.3919 45.2915
1031 50.8182 37.4981
1032 62.8119 47.0633
1033 38.7713 62.6989
1034 38.9519 50.7333
1035 38.9113 51.0517
1036 50.4425 59.7662
1037 50.3827 37.479
1038 50.2374 45.7618
1039 50.7479 37.4754
1040 50.2047 47.1898
1041 50.4408 37.4776
1042 50.5407 37.4776
1043 50.3249 36.8281
1044 50.513 37.4469
1045 38.9507 62.5155
1046 38.9396 50.6728
1047 38.9515 51.0561
1048 38.7621 51.4306
1049 50.2718 45.6458
1050 38.898 62.5678
1051 50.3299 44.1906
1052 38.6184 53.2079
1053 50.5122 46.4906
1054 50.5065 46.4187
1055 50.2946 46.3621
1056 50.3264 44.682
1057 38.9332 50.9387
1058 50.3078 37.3113
1059 38.9724 50.9198
1060 50.3104 46.2275
1061 50.1926 46.669
1062 50.3794 47.0653
1063 50.1915 47.3932
1064 50.3509 44.8568
1065 50.304 46.4799
1066 38.3574 62.9261
1067 50.3778 37.4855
1068 50.5141 37.493
1069 50.444 44.9974
1070 50.4156 37.4134
1071 38.6339 51.6314
1072 38.5728 51.629
1073 75.317 69.1748
1074 50.5919 45.8636
1075 50.3835 55.1302
1076 50.3172 55.723
1077 38.8151 62.9225
1078 38.9844 50.7977
1079 38.9593 51.8023
1080 38.9426 51.3152
1081 38.9299 50.8183
1082 50.5157 54.7379
1083 50.4769 37.4951
1084 50.3093 45.8029
1085 50.3327 47.4209
1086 38.9827 51.0097
1087 50.5658 37.4619
1088 38.9258 62.7376
1089 50.5716 48.3692
1090 75.284 66.3197
1091 75.2778 66.2263
1092 50.4765 37.4457
1093 26.0719 52.9522
1094 38.9664 51.7985
1095 38.9262 63.2086
1096 39.0021 51.7319
1097 39.006 51.4694
1098 38.9429 62.6239
1099 38.8822 62.599
1100 38.9212 62.7741
1101 38.6215 63.1782
1102 38.9177 62.5753
1103 38.957 51.3472
1104 38.9798 51.3184
1105 50.6949 37.4914
1106 50.6068 44.9007
1107 50.6872 37.5
1108 50.3298 52.4186
1109 50.3224 48.1904
1110 50.2453 50
1111 50.1426 58.8549
1112 63.728 67.2319
1113 50.6058 37.4955
1114 38.4694 64.4907
1115 50.227 48.5439
1116 75.265 64.9936
1117 38.2883 67.2397
1118 26.5625 57.9309
1119 39.0004 62.5165
1120 38.9715 50.8097
1121 51.159 52.6563
1122 50.9284 53.7769
1123 50.9924 52.5097
1124 1.26769 46.5366
1125 50.8101 44.5109
1126 50.3935 58.7918
1127 50.4718 34.207
1128 1.30208 11.25
1129 75.2913 65.1267
1130 75.3947 66.6948
1131 75.4943 66.5153
1132 75.6203 65.3128
1133 75.5446 65.9283
1134 75.3727 77.0966
1135 75.2872 67.6728
1136 63.5181 55.3747
1137 75.2175 76.3889
1138 63.4737 67.5293
1139 62.8377 43.3423
1140 75.1588 55.3456
1141 75.2894 78.0921
1142 75.2717 77.2402
1143 75.1507 88.5417
1144 75.2181 78.3835
1145 50.7817 37.4938
1146 62.7174 42.6089
1147 38.8179 50.9472
1148 63.5417 78.9444
1149 63.5346 64.5745
1150 63.5426 65.3919
1151 63.5936 65.4249
1152 63.115 77.3821
1153 63.7428 58.1728
1154 38.9582 51.6589
1155 38.9573 51.211
1156 38.7449 63.2337
1157 38.9268 62.9171
1158 38.8277 63.4181
1159 38.9183 51.1484
1160 38.9183 51.1484
1161 38.9087 52.0122
1162 38.9198 51.8798
1163 38.8845 62.6168
1164 38.9394 50.9797
1165 38.9692 50.7427
1166 26.5547 50.8352
1167 26.1209 52.3635
1168 26.2975 54.0101
1169 26.2603 53.7972
1170 1.24673 53.8596
1171 75.3306 64.2708
1172 26.5625 53.7581
1173 26.5625 52.946
1174 26.5625 52.3372
1175 38.1895 49.3342
1176 38.1886 62.8964
1177 26.5625 54.136
1178 26.5625 52.9873
1179 26.5625 56.4932
1180 26.5555 54.7693
1181 26.5607 54.972
1182 26.561 53.8929
1183 26.5567 54.367
1184 75.2667 65.736
1185 50.748 46.0961
1186 62.5 46.0192
1187 50.5637 48.5934
1188 50.2133 62.0444
1189 39.0026 65.8602
1190 50.1814 61.831
1191 63.2322 24.9039
1192 26.5625 56.8367
1193 50.2828 57.312
1194 38.8731 65.3047
1195 50.3209 44.7012
1196 38.6719 65.625
1197 38.2812 76.7927
1198 75.2754 64.5422
1199 63.9624 60.7911
1200 63.9624 60.8069
1201 63.7699 58.9161
1202 75.1913 65.602
1203 63.7701 58.0175
1204 63.7641 57.512
1205 63.7295 58.0578
1206 75.2608 60.2861
1207 75.2533 59.9271
1208 75.2743 59.6468
1209 75.3195 67.5506
1210 75.3843 66.158
1211 75.4466 75.8848
1212 26.5625 56.7132
1213 50.2326 46.1354
1214 50.2912 37.4915
1215 50.464 66.6493
1216 50.585 45.69
1217 63.7162 59.9793
1218 63.7335 57.6913
1219 75.7412 68.4732
1220 63.7567 67.0259
1221 75.7597 64.5278
1222 63.7357 58.3546
1223 63.5756 60.179
1224 38.4163 62.6634
1225 38.7679 78.125
1226 50.5342 57.311
1227 50.3192 65.7232
1228 38.7078 66.8997
1229 62.8125 37.7391
1230 63.5776 59.7542
1231 50.7981 65
1232 50.6378 58.815
1233 75.3468 67.5684
1234 63.6198 58.9987
1235 75.3906 65.7235
1236 75.2339 65.1361
1237 50.3777 67.6724
1238 50.5892 58.544
1239 50.5145 60.2208
1240 75.2652 65.6108
1241 50.4989 37.5
1242 88.0881 75.6654
1243 87.7821 67.1794
1244 87.7951 47.8134
1245 87.9971 68.822
1246 87.7505 70.4396
1247 38.8229 76.5332
1248 38.2812 88.7591
1249 38.2812 88.7591
1250 26.2194 89.2695
1251 26.0492 90.7668
1252 75.2751 56.0052
1253 50.7812 82.3645
1254 1.46662 70.6783
1255 13.0081 76.4552
1256 1.39731 68.3817
1257 1.43657 68.0725
1258 1.43765 69.9243
1259 1.48995 69.9008
1260 1.4939 69.1036
1261 13.2349 76.8546
1262 1.46843 69.7641
1263 13.1851 77.7453
1264 13.5326 61.7266
1265 13.1715 78.0533
1266 13.5191 69.032
1267 13.4928 76.7207
1268 13.1225 71.5963
1269 13.5193 61.3572
1270 13.2892 61.148
1271 13.1311 62.4613
1272 1.50744 65.9725
1273 13.5026 62.2297
1274 13.1735 61.182
1275 13.2845 59.4013
1276 25.4363 75.5836
1277 13.7116 68.4014
1278 13.6725 62.4016
1279 13.6848 62.4348
1280 25.3906 63.9547
1281 13.8186 67.9845
1282 13.6197 62.1148
1283 25.7698 75.0243
1284 13.4456 62.3733
1285 13.4276 66.6667
1286 25.604 75.0599
1287 25.6503 75.0807
1288 25.6929 75.047
1289 25.5215 75.3015
1290 13.4389 62.3638
1291 13.4303 61.7413
1292 12.989 61.9375
1293 13.2802 61.8
1294 13.7816 67.6216
1295 13.8125 62.3561
1296 25.2664 75.0036
1297 13.3457 62.2396
1298 12.9115 87.5144
1299 12.9683 76.4812
1300 13.0081 76.508
1301 12.8449 75.8204
1302 13.0243 76.464
1303 12.9269 75.6246
1304 13.1514 62.1574
1305 13.3927 69.8736
1306 13.2027 69.905
1307 13.1302 70.278
1308 13.3855 69.4887
1309 13.3226 67.9648
1310 13.216 69.1973
1311 13.1697 69.1159
1312 13.2982 69.8497
1313 13.2305 69.0545
1314 13.0384 61.6812
1315 13.3116 70.1819
1316 13.2672 68.5702
1317 13.3706 70.6713
1318 13.3523 61.9648
1319 13.1574 62.0197
1320 13.2352 70.0324
1321 13.2358 69.4402
1322 13.219 77.6346
1323 13.3868 77.0915
1324 13.3807 87.7949
1325 13.3612 69.6057
1326 13.2472 77.9425
1327 13.2079 76.2625
1328 13.3278 62.0259
1329 13.3093 76.1411
1330 13.1593 76.6079
1331 13.1221 76.5103
1332 13.2072 76.4796
1333 13.152 76.1687
1334 13.2327 76.8568
1335 13.1587 76.1834
1336 13.2499 68.8854
1337 13.1687 77.2646
1338 13.0744 68.1593
1339 13.524 69.2984
1340 13.5715 71.2217
1341 13.4002 62.1233
1342 13.5767 67.9122
1343 13.259 62.4038
1344 1.4886 68.7551
1345 1.4886 68.6146
1346 13.0531 81.9505
1347 13.4678 76.328
1348 1.50491 66.3132
1349 1.5191 58.1252
1350 13.3849 69.2558
1351 13.3143 77.8562
1352 12.9964 76.7607
1353 12.9472 77.7821
1354 12.9068 73.021
1355 13.1078 62.3947
1356 13.2556 62.3834
1357 13.4619 69.1511
1358 13.1463 76.9924
1359 1.36003 76.1039
1360 13.0469 88.2341
1361 13.1286 88.2792
1362 13.1307 88.2792
1363 1.45758 67.7858
1364 13.097 77.1321
1365 13.2832 69.9361
1366 13.2297 62.3312
1367 13.3357 62.4181
1368 12.7393 62.5
1369 13.0331 76.3557
1370 13.4676 59.8407
1371 13.5741 69.995
1372 13.4497 67.1544
1373 13.4531 68.0049
1374 13.3331 65.9849
1375 13.4932 72.0002
1376 13.0734 75.8871
1377 13.2418 61.5891
1378 13.6012 67.3926
1379 13.4971 62.3452
1380 13.0492 75.5872
1381 1.3552 75.2875
1382 0.78125 80.7772
1383 1.12126 77.0168
1384 1.36719 77.8553
1385 1.31768 69.2491
1386 1.26821 75.1075
1387 1.46788 70.1409
1388 1.46788 72.5002
1389 13.6819 62.4326
1390 26.239 87.9661
1391 26.1494 88.0952
1392 13.3206 88.2108
1393 25.9139 75.0315
1394 13.3855 62.4532
1395 25.5535 75.0774
1396 13.5351 76.3483
1397 1.36629 75.3588
1398 1.36629 75.2413
1399 12.9411 87.5864
1400 13.0027 78.0058
1401 12.9223 87.6656
1402 1.37962 75.5685
1403 76.3035 24.5006
1404 76.0446 24.0011
1405 50.7774 24.2167
1406 62.8933 44.218
1407 63.0269 35.776
1408 38.351 44.1856
1409 38.351 42.5672
1410 75.4313 20.3824
1411 1.03376 75.9096
1412 0.902446 79.7389
1413 76.1182 32.355
1414 63.1288 36.447
1415 63.0962 35.9464
1416 13.295 44.1814
1417 62.9323 20.3661
1418 75.5147 22.4871
1419 75.6891 19.9652
1420 63.1921 23.0197
1421 38.1899 45.6365
1422 1.38504 66.9935
1423 63.3118 23.2156
1424 88.1504 21.4667
1425 75.4552 33.9786
1426 62.8695 42.263
1427 62.9398 37.1519
1428 62.7578 43.4351
1429 62.9042 41.4491
1430 62.8049 42.5897
1431 62.9959 42.539
1432 63.053 36.8984
1433 62.9483 37.0073
1434 63.019 37.0073
1435 51.3344 52.0727
1436 62.7886 42.9102
1437 1.04167 45.166
1438 51.2415 53.4355
1439 87.8279 29.683
1440 62.817 41.4615
1441 62.903 36.9875
1442 62.8668 40.8091
1443 62.7383 43.2951
1444 76.0386 23.1521
1445 88.2957 11.6667
1446 88.0532 52.5
1447 88.0462 23.7247
1448 38.4537 50.9461
1449 63.1024 53.4277
1450 51.0743 67.1875
1451 26.4757 53.7844
1452 76.0241 34.9547
1453 87.8824 32.0318
1454 76.214 34.1912
1455 75.8755 32.4198
1456 87.8906 35.3667
1457 88.0208 24.635
1458 38.2812 28.6197
1459 25.1302 42.6247
1460 1.33923 33.1168
1461 13.3394 90.7143
1462 1.16815 23.6124
1463 88.2812 12.5
1464 13.2812 34.7338
1465 13.1946 31.2575
1466 13.1946 31.3238
1467 13.4294 90.7143
1468 88.2812 21.0814
1469 0.989748 7.69173
1470 25.4763 39.4504
1471 38.5402 25.8717
1472 13.0179 22.8093
1473 13.5001 22.7964
1474 0.664839 12.0551
1475 13.7156 32.2076
1476 13.5773 32.2713
1477 1.3974 31.9677
1478 13.3927 22.7687
1479 1.14348 31.7391
1480 1.40674 10.5752
1481 51.0828 11.3978
1482 1.32968 11.6102
1483 50.7647 20.7412
1484 50.5016 21.3255
1485 25.6011 40.8688
1486 1.2515 65.0629
1487 76.1125 67.6241
1488 88.1236 75.8075
1489 88.0493 11.48
1490 88.0493 8.1502
1491 88.0493 9.81513
1492 88.1636 77.8054
1493 87.5702 68.4012
1494 76.0937 68.062
1495 75.9785 48.0648
1496 87.6211 67.9315
1497 75.8932 67.2521
1498 76.0399 66.5019
1499 75.9174 46.6158
1500 88.1824 65.5892
1501 25.9514 77.8405
1502 63.436 57.1996
1503 87.5468 68.4012
1504 87.5598 68.4012
1505 87.7279 67.2485
1506 87.886 67.4998
1507 88.2602 76.4444
1508 88.2684 87.6711
1509 88.0854 22.1636
1510 88.1904 76.1115
1511 88.1887 34.8069
1512 88.2894 76.4444
1513 88.374 55.1818
1514 88.2372 88.5032
1515 88.2027 65.8919
1516 88.2382 79.773
1517 88.2222 9.90425
1518 88.2529 78.1087
1519 88.0854 24.0084
1520 88.2314 24.4562
1521 88.363 55.2491
1522 88.2729 90.1675
1523 88.2479 78.1087
1524 88.1743 24.4562
1525 88.0892 11.5686
1526 88.2161 36.5106
1527 88.2137 76.1115
1528 88.1607 54.7657
1529 88.1977 56.43
1530 88.1462 12.4007
1531 63.3039 66.3771
1532 75.6946 79.2734
1533 88.2037 65.6693
1534 88.238 48.6818
1535 63.4176 77.2188
1536 75.9457 45.3483
1537 63.3529 89.5694
1538 63.4065 89.6304
1539 75.641 89.8073
1540 75.3789 89.7657
1541 63.4125 89.6248
1542 76.5625 22.0345
1543 87.6618 34.8928
1544 76.5625 21.9731
1545 76.5625 23.4031
1546 87.6309 34.3736
1547 87.598 34.9875
1548 87.7557 43.7578
1549 87.6553 32.3616
1550 87.7245 31.5585
1551 87.8595 33.8259
1552 87.6098 44.4958
1553 87.6131 43.6113
1554 76.5625 36.978
1555 87.5058 57.7184
1556 76.5595 43.4589
1557 87.6214 31.4297
1558 76.5625 23.6631
1559 76.5625 24.1126
1560 87.6728 44.2652
1561 87.593 53.125
1562 87.9353 53.6113
1563 88.0379 54.6682
1564 87.7937 40.8277
1565 87.8497 32.0243
1566 87.878 54.4046
1567 87.8915 56.6915
1568 87.6591 53.9135
1569 88.1071 79.1667
1570 88.0748 69.0698
1571 88.0088 67.5926
1572 88.0133 67.5926
1573 87.8817 66.3311
1574 87.7874 67.066
1575 87.7362 70.1405
1576 88.0529 54.6875
1577 87.9513 42.3163
1578 87.7412 65.4752
1579 76.5625 21.7909
1580 87.8613 66.6667
1581 87.6001 33.8568
1582 87.6337 41.4144
1583 87.5863 34.7469
1584 87.8147 32.3818
1585 87.8843 20.8245
1586 87.8652 32.8188
1587 76.5625 24.6546
1588 87.6958 64.501
1589 87.5694 57.5581
1590 76.4976 47.3308
1591 87.5481 55.2326
1592 87.9087 55.2326
1593 76.5625 35.4521
1594 87.6242 41.3908
1595 87.6092 34.7645
1596 87.5781 41.2813
1597 87.6328 32.6268
1598 87.6015 32.6677
1599 76.5625 33.9227
1600 87.5853 34.9483
1601 76.5625 36.3837
1602 87.6026 34.8873
1603 87.59 42.9625
1604 87.5831 43.8934
1605 87.642 41.7703
1606 87.6198 43.3706
1607 87.7046 42.9625
1608 87.6403 42.5786
1609 87.7412 44.1504
1610 76.4391 43.3384
1611 87.6422 43.8299
1612 76.5625 34.5882
1613 76.5625 35.8431
1614 87.608 42.7365
1615 88.5352 87.6991
1616 75.9618 70.3473
1617 76.0782 69.2217
1618 76.0292 78.8863
1619 76.0753 77.9979
1620 75.875 79.6153
1621 75.8981 79.5934
1622 75.7428 79.0122
1623 75.9559 78.9758
1624 76.0407 79.0483
1625 75.9982 79.5375
1626 75.9542 81.1977
1627 76.0839 79.4855
1628 75.8973 80.1188
1629 75.9076 80.3146
1630 75.8893 80.6766
1631 75.8651 80.6609
1632 75.7966 79.0454
1633 75.8556 79.6842
1634 75.877 79.1361
1635 75.79 78.2133
1636 75.7837 78.81
1637 75.8227 78.5484
1638 88.6855 76.458
1639 88.4766 12.5
1640 88.1031 46.875
1641 87.6853 78.109
1642 76.2481 77.6542
1643 88.24 54.6933
1644 88.3085 77.9159
1645 87.8669 79.2739
1646 88.3816 88.5427
1647 88.3816 88.5427
1648 88.2672 67.6142
1649 88.6628 80.2619
1650 1.03102 91.682
1651 25.8102 92.1341
1652 38.4024 92.3797
1653 38.2005 92.3117
1654 75.4169 92.0065
1655 62.673 91.9401
1656 1.29625 55.8728
1657 1.24486 48.0697
1658 38.351 46.3481
1659 25.9452 91.7397
1660 75.3139 21.9105
1661 26.0566 77.1212
1662 26.0362 76.761
1663 13.8406 46.4728
1664 38.2063 77.4656
1665 76.1255 77.9857
1666 63.5645 36.2933
1667 63.5614 36.2933
1668 63.5707 36.2933
1669 63.161 67.6083
1670 63.2042 48.3803
1671 50.4735 77.3866
1672 38.7989 46.4168
1673 38.2821 76.7718
1674 26.0733 87.5774
1675 50.7757 69.542
1676 38.3124 47.0902
1677 63.195 80.2355
1678 25.9452 91.7397
1679 87.5238 92.8948
1680 38.3408 91.7783
1681 63.7295 24.2807
1682 75.6968 48.387
1683 75.8482 46.0839
1684 26.0272 88.4234
1685 63.2965 24.0139
1686 63.3493 34.2306
1687 63.5591 32.131
1688 63.1933 91.807
1689 13.4913 91.704
1690 87.5199 91.8698
1691 63.7221 56.2657
1692 63.4213 46.8039
1693 38.3565 32.1566
1694 63.1517 22.5794
1695 38.7083 45.9241
1696 50.5001 77.3324
1697 50.5001 77.3323
1698 1.27099 78.1599
1699 63.7295 24.2807
1700 26.1764 67.6022
1701 75.3069 78.4776
1702 63.6183 22.767
1703 63.1158 71.6003
1704 38.3817 44.7597
1705 63.148 79.1848
1706 63.195 77.3601
1707 63.2042 48.3803
1708 63.1186 34.9059
1709 88.2172 48.0679
1710 88.3159 88.54
1711 63.0942 91.807
1712 38.3408 91.7783
1713 88.2239 47.2689
1714 75.4128 92.6976
1715 63.195 78.5199
1716 62.9497 68.7482
1717 63.3007 68.6463
1718 62.8566 78.4977
1719 63.3801 80.9
1720 87.8526 67.2485
1721 87.9242 67.7413
1722 88.478 6.51122
1723 25.9792 52.4378
1724 26.1731 65.4142
1725 63.5177 23.1189
1726 51.0399 68.1973
1727 50.6113 66.6165
1728 62.7978 35.2497
1729 50.8764 67.2764
1730 51.0872 68.1405
1731 50.9187 67.9676
1732 1.17018 44.283
1733 26.1513 65.9534
1734 75.4525 21.9715
1735 13.6783 76.5826
1736 1.21493 76.4434
1737 88.512 10.1558
1738 26.4411 67.5229
1739 13.6449 87.5173
1740 50.5805 77.536
1741 62.7906 35.1674
1742 13.6748 88.3466
1743 1.21493 79.4205
1744 38.7369 77.2297
1745 13.8523 45.8349
1746 63.3305 53.7667
1747 75.7599 52.4437
1748 75.4362 32.2078
1749 75.7224 42.2921
1750 1.21442 90.2174
1751 63.3384 31.3053
1752 63.5625 24.1986
1753 63.1521 46.0124
1754 75.7477 54.0079
1755 50.3913 22.4822
1756 75.5341 19.9561
1757 38.586 43.9179
1758 50.6975 77.5763
1759 50.6975 77.5763
1760 75.4187 32.1702
1761 1.3564 55.9333
1762 75.4373 78.9245
1763 1.11553 11.6215
1764 1.11553 10.5115
1765 75.9463 36.5158
1766 75.6785 69.4462
1767 75.9051 19.9474
1768 63.172 76.7225
1769 1.22097 22.1854
1770 63.2914 77.3164
1771 38.6368 77.4853
1772 63.2766 35.9022
1773 26.0988 90.801
1774 26.0988 90.801
1775 38.4648 90.9359
1776 87.9259 91.6277
1777 87.5444 91.5867
1778 50.7171 89.6113
1779 62.9449 90.117
1780 75.4596 90.1349
1781 26.0988 90.801
1782 63.2158 89.7892
1783 62.994 90.0708
1784 13.5014 88.7391
1785 25.9157 88.7682
1786 25.6202 88.5836
1787 63.2914 79.962
1788 63.1631 89.2752
1789 75.6713 87.648
1790 63.2914 80.1169
1791 62.8368 89.2431
1792 62.9122 80.1071
1793 63.2914 81.2037
1794 25.9725 88.5794
1795 50.4421 89.087
1796 50.786 88.8437
1797 13.4469 88.7637
1798 50.7339 89.1297
1799 38.2004 88.8124
1800 63.2914 79.9164
1801 63.2914 79.9163
1802 63.2914 80.3557
1803 75.6713 87.648
1804 63.2914 80.3185
1805 75.7525 88.1196
1806 63.2855 67.4583
1807 63.511 67.9736
1808 63.035 78.9713
1809 75.6843 32.0376
1810 63.365 70.4317
1811 88.3322 79.613
1812 25.9725 91.7
1813 88.2891 77.5466
1814 88.0892 8.23994
1815 62.7946 8.28572
1816 50.505 89.5635
1817 62.9897 88.0233
1818 51.0306 87.8997
1819 38.6411 89.102
1820 26.1516 88.4697
1821 38.3086 88.0983
1822 26.1571 88.6844
1823 13.5417 88.894
1824 38.6485 88.1535
1825 50.4005 89.5892
1826 38.7473 89.3062
1827 50.6388 88.5276
1828 50.4545 88.771
1829 38.5311 88.1966
1830 50.2777 88.3897
1831 50.6384 88.2418
1832 50.7341 88.1673
1833 50.7341 88.1673
1834 50.2677 88.6191
1835 38.7113 87.9977
1836 50.2608 88.2347
1837 50.5596 88.164
1838 50.7853 88.0018
1839 38.4754 88.2503
1840 38.5291 88.0563
1841 50.4152 88.1689
1842 38.5404 88.0388
1843 38.6925 88.2942
1844 38.8294 87.8051
1845 38.5874 88.2001
1846 50.5382 88.2174
1847 38.4841 88.1621
1848 62.7448 87.9524
1849 62.8962 88.3494
1850 38.4395 88.4691
1851 88.2464 24.5771
1852 88.1325 24.501
1853 87.961 24.5344
1854 63.4987 9.82143
1855 63.7806 18.36
1856 63.2813 31.25
1857 75.8633 33.901
1858 76.063 30.302
1859 75.763 23.7483
1860 75.9505 46.1253
1861 75.8156 36.518
1862 63.3526 68.3071
1863 1.30428 89.716
1864 13.7171 89.7692
1865 26.023 89.8628
1866 63.0605 90.3613
1867 62.897 91.2899
1868 75.3999 90.498
1869 62.7056 90.9691
1870 62.7104 90.8593
1871 63.0605 90.3613
1872 26.023 89.8628
1873 63.0605 90.3613
1874 38.8099 90.051
1875 1.30428 89.716
1876 50.9225 90.229
1877 26.1536 89.9372
1878 63.0605 90.3613
1879 63.0605 90.3613
1880 63.0605 90.3613
1881 75.3999 90.5138
1882 38.6829 89.8006
1883 63.0605 90.3613
1884 1.10732 91.179
1885 13.5855 91.1923
1886 13.6719 90.625
1887 75 91.3403
1888 62.9308 92.46
1889 87.8906 91.4485
1890 62.7198 92.3639
1891 62.7587 91.4648
1892 75 91.3403
1893 13.6719 90.625
1894 75.25 91.3403
1895 38.9993 91.2628
1896 1.10732 91.179
1897 50.5976 92.1221
1898 26.0697 91.2343
1899 75.3906 91.3403
1900 75.3906 91.3403
1901 75.3906 91.3403
1902 87.5 91.4524
1903 50.2211 91.9936
1904 75 91.3403
1905 63.2812 68.75
1906 63.2692 45.4545
1907 62.8829 45.4545
1908 63.2558 45.4545
1909 63.2658 40.9091
1910 63.3789 40.9091
1911 63.3758 40.9091
1912 38.6719 31.25
1913 62.9262 32.5759
1914 63.209 36.5466
1915 75.348 53.6329
1916 75.4504 22.4143
1917 75.428 31.25
1918 75.5132 46.826
1919 75.4306 51.8165
1920 63.0272 66.4922
1921 62.8607 66.7948
1922 75.5208 48.6
1923 26.2208 69.7509
1924 38.6171 76.7554
1925 38.3338 48.0613
1926 50.8166 76.964
1927 62.7788 73.0179
1928 26.0972 77.1171
1929 38.8301 75.4753
1930 38.8301 75.4753
1931 50.4344 73.3861
1932 50.4344 73.3861
1933 26.0067 76.0553
1934 38.4477 78.0998
1935 39.0625 71.5194
1936 63.1083 22.5317
1937 38.8111 45.5177
1938 50.975 67.6267
1939 26.1659 77.4694
1940 26.0276 88.6819
1941 38.3735 45.2299
1942 26.0358 75.9691
1943 63.0256 72.7399
1944 63.5152 77.6303
1945 63.3334 23.11
1946 62.9226 67.9456
1947 63.2693 80.5399
1948 63.0052 76.5063
1949 51.0957 77.1049
1950 50.7825 69.3101
1951 38.4266 77.0081
1952 50.7825 69.3101
1953 38.5009 68.8966
1954 51.2917 69.8268
1955 51.0227 69.3101
1956 38.4266 81.2878
1957 38.2941 77.2896
1958 38.5417 76.2827
1959 0.62066 76.1077
1960 25.8998 77.8074
1961 50.9085 78.2673
1962 38.8229 77.4745
1963 50.7001 68.5409
1964 26.5625 57.1737
1965 38.5299 70.5102
1966 26.0352 67.1439
1967 26.1497 69.2977
1968 51.0666 72.5348
1969 25.8557 80.021
1970 50.4778 77.5002
1971 38.7264 71.3026
1972 26.1719 68.9004
1973 26.1342 76.9226
1974 25.999 77.4556
1975 63.0443 72.2019
1976 26.0082 80.2394
1977 38.0087 76.4009
1978 62.9702 76.4698
1979 38.0324 77.9138
1980 38.5036 76.5771
1981 26.1164 76.5689
1982 1.24132 76.2154
1983 38.3898 78.4507
1984 26.2174 76.804
1985 13.7354 87.6477
1986 37.977 78.7414
1987 13.7935 87.5251
1988 26.1334 88.0809
1989 38.521 78.4138
1990 38.3252 48.5256
1991 50.5523 77.8652
1992 50.5523 77.8652
1993 50.7996 78.2581
1994 38.4105 78.5733
1995 62.8682 77.6659
1996 1.30208 65.4812
1997 1.30208 75.5492
1998 1.30208 77.0863
1999 26.0603 76.431
2000 1.30208 78.9825
2001 38.6719 21.875
2002 75.631 10.625
2003 63.5023 59.375
2004 75.2263 22.5407
2005 75.2187 78.2774
2006 63.126 73.87
2007 1.08498 75.6161
2008 1.08649 21.5464
2009 51.5613 56.25
2010 1.08485 91.3043
2011 1.08498 80.4104
2012 50.3981 74.4199
2013 50.3981 73.5105
2014 1.30208 48.8333
2015 39.0625 71.3623
2016 50.5155 23.275
2017 38.75 76.566
2018 50.561 33.8542
2019 38.414 77.5882
2020 63.1687 71.8444
2021 88.2813 45.8
2022 75.7813 20.4567
2023 88.1775 11.6667
2024 88.2153 20.4464
2025 75.6489 21.3478
2026 87.8577 22.7232
2027 63.301 92.5
2028 63.3406 90
2029 63.3726 77.95
2030 63.3397 53.8674
2031 75.2369 51.2076
2032 75.4201 41.6824
2033 64.0625 59.4138
2034 63.8371 67.69
2035 63.765 79.1667
2036 88.2464 24.7003
2037 75.147 77.3089
2038 88.2861 32.2136
2039 75.4062 46.7949
2040 75.8929 89.167
2041 75.83 88.9357
2042 50.9539 88.0106
2043 88.4935 91.2432
2044 75.7886 54.9027
2045 75.1202 22.3385
2046 87.9359 32.1561
2047 63.7763 19.3906
2048 75.5075 48.6128
2049 75.5589 56.4879
2050 75.7644 58.0429
2051 76.1161 88.2612
2052 75.9275 70
2053 75.4062 53.0377
2054 75.5726 47.4229
2055 75.4151 33.5799
2056 63.7349 22.3301
2057 87.7926 53.6528
2058 88.2177 19.4599
2059 88.5255 31.25
2060 87.8125 23.8
2061 87.8395 81.25
2062 87.8599 90.7301
2063 88.124 89.9727
2064 88.5012 11.2113
2065 88.2926 19.0516
2066 87.6149 55.7743
2067 75.886 34.1906
2068 76.0482 34.4954
2069 88.4687 56.1451
2070 87.6206 69.3768
2071 87.6206 69.3768
2072 87.9312 53.8188
2073 87.767 53.6676
2074 87.5984 67.1264
2075 76.395 44.7527
2076 75.8526 34.0899
2077 76.1062 34.7344
2078 76.006 66.7365
2079 87.6351 67.1583
2080 87.7295 54.581
2081 87.7483 53.9756
2082 88.1402 43.747
2083 87.6651 67.3704
2084 87.6505 57.0003
2085 76.5155 33.9959
2086 87.8366 67.3189
2087 87.8853 42.6987
2088 50.8057 81.0642
2089 63.0764 87.5646
2090 38.2224 80.6826
2091 50.7266 80.3271
2092 63.0413 81.3378
2093 51.0969 80.7078
2094 25.925 87.9647
2095 50.7631 79.8156
2096 38.2886 79.4925
2097 50.8057 81.0642
2098 50.5607 81.2098
2099 50.7584 81.4011
2100 50.9711 81.3737
2101 50.8387 87.9516
2102 26.0155 87.9751
2103 38.6778 77.5816
2104 50.828 80.4157
2105 26.0579 87.9647
2106 50.8016 80.4535
2107 63.0394 79.6638
2108 50.8083 88.171
2109 75.4028 43.4989
2110 75.4063 51.2968
2111 75.3998 46.434
2112 75.4125 42.469
2113 75.6351 44.1664
2114 75.2837 56.0985
2115 63.3672 67.6489
2116 63.3672 67.6489
2117 75.4096 55.0913
2118 75.248 56.1126
2119 37.9006 47.0502
2120 63.6001 56.1244
2121 75.4543 47.0099
2122 75.4688 47.6572
2123 75.2142 68.4847
2124 13.5416 32.8747
2125 75.4123 34.9181
2126 63.9186 24.2156
2127 63.6009 30.7831
2128 63.6083 22.4597
2129 25.797 54.8565
2130 25.9556 53.6536
2131 75.8075 33.8009
2132 75.9351 33.983
2133 13.2746 44.6583
2134 75.3678 51.2605
2135 75.4815 48.236
2136 75.8088 55.6197
2137 88.0507 47.0162
2138 88.0811 31.25
2139 75.4124 34.1176
2140 75.4237 52.0105
2141 75.4369 47.3303
2142 50.8785 78.6982
2143 62.9268 81.3415
2144 38.5318 79.8777
2145 50.9775 87.5561
2146 38.5113 88.3563
2147 50.8082 88.324
2148 50.8082 87.5561
2149 63.178 88.8208
2150 50.9289 82.7155
2151 13.2812 31.25
2152 75.5566 27.9986
2153 63.8318 20.6045
2154 38.5417 44.502
2155 76.1051 47.5173
2156 75.3444 77.0833
2157 38.2813 43.75
2158 75.2589 42.8224
2159 75.1778 44.275
2160 63.9237 45.4085
2161 1.35613 47.7276
2162 13.4115 48.291
2163 75.6068 51.5286
2164 87.5119 90.578
2165 63.2813 89.6392
2166 75.5208 25
2167 75.3038 51.0535
2168 75.3485 53.1122
2169 75.3798 50.6696
2170 75.3052 50.4468
2171 25.7812 89.602
2172 76.0417 87.5
2173 25.7813 37.5
2174 25.5866 66.0404
2175 63.5417 77.7715
2176 63.7284 23.8067
2177 88.0015 66.0714
2178 88.0289 89.437
2179 88.079 81.1611
2180 88.0155 49.0339
2181 88.328 81.25
2182 63.2813 78.2553
2183 88.0358 48.6344
2184 75.9876 90.0988
2185 75.5498 57.1642
2186 63.1634 31.25
2187 37.7003 48.5251
2188 75.6022 53.4698
2189 87.7252 57.5808
2190 75.2828 48.8977
2191 75.2771 49.2284
2192 87.8694 23.74
2193 88.3009 19.3271
2194 88.1781 33.3333
2195 88.2614 20.8797
2196 88.381 21.5311
2197 88.403 19.6549
2198 88.2312 18.9135
2199 88.5128 10.8247
2200 88.5886 11.2113
2201 87.7483 54.2424
2202 75.7813 88.6297
2203 88.2591 22.8871
2204 88.4329 22.5093
2205 88.6707 19.6246
2206 88.6148 21.9933
2207 88.3195 31.875
2208 88.7516 54.1667
2209 87.8247 45.2784
2210 87.9189 45.2784
2211 88.2539 52.5172
2212 63.6154 48.6255
2213 63.7474 53.2201
2214 87.8967 89.1447
2215 88.2631 92.4337
2216 76.2169 34.8031
2217 87.8126 53.4883
2218 87.8183 53.762
2219 76.3201 43.357
2220 87.9036 33.3962
2221 75.6825 55.5838
2222 75.6825 55.6435
2223 75.9642 52.4873
2224 87.6294 52.0844
2225 87.9306 31.7133
2226 75.6094 53.5323
2227 75.6094 53.5522
2228 88.0176 33.3293
2229 88.0601 32.6398
2230 88.2318 23.3227
2231 75.9642 52.9251
2232 75.7145 57.6864
2233 87.8968 33.4252
2234 87.9012 33.4065
2235 87.853 88.6829
2236 87.8029 80.8168
2237 88.2912 79.5194
2238 88.834 87.5
2239 75.9872 88.9933
2240 75.9872 91.6999
2241 88.6055 80.9078
2242 88.2501 79.4257
2243 88.1617 79.3113
2244 88.4862 80.6873
2245 88.0208 9.46189
2246 38.387 77.4038
2247 26.0921 79.8539
2248 38.1202 80.2348
2249 26.3132 77.4047
2250 50.8338 78.287
2251 38.6378 77.8167
2252 50.5871 78.6199
2253 63.3741 67.4388
2254 63.7188 65.2843
2255 75.5383 42.7864
2256 75.5044 88.9168
2257 63.3186 69.6207
2258 63.196 48.3803
2259 62.673 92.0062
2260 50.9378 92.4706
2261 38.8611 91.7783
2262 13.4913 91.704
2263 88.0402 92.3888
2264 38.6107 78.0341
2265 38.387 80.1765
2266 50.5871 78.6199
2267 38.5665 69.8552
2268 50.4409 78.2171
2269 26.0921 79.8507
2270 50.7462 78.6311
2271 51.0213 77.6619
