1 88.1272 58.397
2 87.8208 56.7944
3 87.6692 59.2663
4 87.601 58.1404
5 51.3561 65.7676
6 51.3157 66.1966
7 87.6009 45.8426
8 87.6157 42.8672
9 87.6179 21.5575
10 87.617 19.7989
11 87.6177 12.0918
12 87.6205 12.0002
13 87.6136 12.0257
14 87.5958 18.6918
15 87.5913 22.596
16 1.50795 40.1263
17 87.8333 56.469
18 87.6652 58.5232
19 87.5841 58.9513
20 63.5261 75.6269
21 51.3292 68.2734
22 87.5616 46.3896
23 87.5836 44.4026
24 87.5865 41.3595
25 87.5897 21.5863
26 87.5913 12.0993
27 87.5937 11.9752
28 87.5869 12.0072
29 87.5683 12.1038
30 63.316 40.5014
31 1.55899 40.0443
32 1.5162 29.0378
33 87.7932 58.4977
34 87.5821 58.637
35 63.4505 87.504
36 63.4715 87.5007
37 51.3144 65.9995
38 87.5474 46.4171
39 87.5527 44.3142
40 87.5673 22.7535
41 87.5772 21.5405
42 87.5778 12.0666
43 87.5726 11.992
44 87.5518 12.0999
45 63.4047 12.1227
46 50.8368 40.56
47 13.396 40.6147
48 1.51077 42.1685
49 87.8268 59.6456
50 87.629 59.7849
51 51.233 76.2998
52 51.2542 75.8891
53 51.258 75.6078
54 51.2422 64.2038
55 51.2395 64.0943
56 51.2214 52.3361
57 87.5703 40.8091
58 87.5666 12.1128
59 87.5466 12.0908
60 75.5543 12.1558
61 63.045 40.625
62 38.3768 52.7612
63 25.9114 63.7959
64 25.9732 63.7719
65 87.8188 80.5967
66 87.6006 59.3401
67 51.2261 76.3125
68 51.2474 75.9304
69 51.2703 68.8037
70 51.2252 64.1704
71 51.2184 53.0218
72 87.558 41.1996
73 87.5656 21.8414
74 87.552 12.113
75 75.5698 12.1064
76 75.3164 12.1478
77 50.9184 29.9837
78 38.2498 52.4271
79 25.9586 63.6787
80 1.50814 40.8981
81 87.685 58.606
82 87.5597 58.7453
83 51.2331 76.1522
84 51.2544 75.7616
85 51.277 67.915
86 51.2299 53.5101
87 87.5462 44.5972
88 87.5572 23.0018
89 87.5493 21.2048
90 75.6626 12.1465
91 75.3512 12.128
92 63.179 39.8288
93 50.8987 12.1622
94 38.0873 51.6865
95 13.3547 42.1009
96 1.51077 40.205
97 87.6205 58.4977
98 87.5561 58.637
99 51.2125 76.0481
100 51.2337 75.6609
101 51.2572 64.474
102 75.2433 46.1261
103 87.5439 41.8671
104 75.8392 22.6269
105 75.531 12.1628
106 75.3334 12.1288
107 63.1684 12.0988
108 51.1581 12.1633
109 26.1743 12.1691
110 13.757 40.7765
111 1.55889 40.2813
112 1.51423 29.4285
113 87.5868 58.2373
114 87.5554 58.3766
115 51.2069 76.0279
116 51.2281 75.6719
117 75.1389 46.6879
118 75.2332 45.5606
119 87.5439 41.5856
120 63.3921 39.7396
121 63.1242 12.1614
122 63.1346 12.1028
123 51.1169 12.1113
124 51.0273 12.117
125 26.0854 12.1257
126 13.692 40.197
127 1.5598 39.7137
128 1.51995 12.1984
129 87.5858 58.2373
130 87.5545 58.3766
131 51.1911 76.1013
132 51.2516 69.6486
133 75.1129 46.5005
134 75.2202 35.4167
135 75.3009 23.1771
136 63.051 39.8865
137 63.0364 12.1633
138 51.1231 12.1252
139 50.9589 12.0903
140 50.8272 12.1415
141 14.0132 12.1911
142 13.6758 40.1466
143 13.3092 40.0228
144 1.51995 12.1984
145 87.5847 58.3112
146 51.2134 75.9993
147 51.0947 76.5788
148 51.1701 68.5287
149 75.0734 46.6963
150 75.1463 44.654
151 62.8581 42.2
152 50.8139 30.6695
153 51.187 12.1765
154 50.8947 12.1481
155 50.7542 12.0974
156 50.6101 12.1345
157 13.9872 12.1398
158 13.5957 40.2106
159 13.2807 40.0869
160 1.51995 12.1984
161 87.5847 57.8521
162 51.1366 76.5344
163 50.9627 78.6296
164 75.0977 46.9661
165 62.6953 46.2518
166 50.8655 44.8499
167 50.7209 43.1422
168 38.5947 12.2134
169 50.6197 12.1786
170 50.585 12.1502
171 50.5697 12.1359
172 38.2209 12.1862
173 13.9263 12.1344
174 13.5523 40.0764
175 13.2468 39.9526
176 1.51813 23.0063
177 50.7982 87.911
178 50.774 80.1819
179 50.6576 79.4757
180 50.7928 46.9049
181 50.5641 46.4204
182 50.517 45.9376
183 50.5046 43.9347
184 38.4949 12.1995
185 50.5415 30.959
186 38.5293 12.1786
187 38.4431 12.1473
188 38.1953 12.1724
189 13.9319 12.1458
190 13.6003 40.0984
191 1.56087 24.0525
192 1.5087 39.6712
193 50.5001 88.0155
194 50.5023 77.1709
195 50.4339 77.9861
196 50.5178 46.5864
197 50.5131 46.102
198 50.4661 45.6191
199 38.275 44.2372
200 26.3957 12.2207
201 38.2372 12.1883
202 38.3281 12.1686
203 38.3091 12.1679
204 26.3687 12.1946
205 13.9772 12.1913
206 13.7251 12.2092
207 1.55997 23.98
208 1.51808 22.9803
209 50.4595 88.2477
210 50.4432 87.6311
211 38.1386 79.8393
212 38.1512 46.6068
213 38.1626 46.1211
214 38.3445 45.5802
215 38.1793 44.8015
216 38.0663 43.4012
217 38.1853 31.9511
218 26.403 12.1877
219 26.4038 12.1877
220 26.3656 12.1812
221 13.976 12.185
222 13.6677 12.2029
223 1.56 23.8053
224 1.51995 12.1984
225 38.1393 80.3998
226 26.0305 87.6814
227 25.8387 87.5077
228 25.8387 87.5045
229 38.0611 46.1893
230 38.0648 45.6484
231 38.0454 44.8696
232 26.1883 33.208
233 38.0231 43.2127
234 26.2195 12.1794
235 26.2553 12.1794
236 26.1812 12.1729
237 13.9704 12.1773
238 13.3943 12.1951
239 1.55847 12.2179
240 1.43793 12.1082
241 25.7457 88.1269
242 25.7349 87.8202
243 25.731 87.6853
244 25.731 87.5253
245 25.7457 87.5252
246 25.7457 87.5252
247 25.7457 87.5252
248 25.8079 32.9529
249 25.8663 11.8867
250 25.856 11.8738
251 25.8568 11.8738
252 25.8186 11.8673
253 25.5935 11.8247
254 1.55631 11.9515
255 1.49347 11.8516
256 1.33462 11.8204
257 88.3242 55.4261
258 88.0905 59.2645
259 88.0846 57.606
260 88.0815 57.6874
261 88.0727 79.1601
262 87.7671 69.6429
263 87.7984 69.1964
264 87.7994 69.1964
265 87.7029 66.6667
266 87.5682 65.2978
267 87.5705 61.6128
268 87.5747 61.4101
269 87.5465 68.12
270 75.7592 62.5
271 75.7702 62.5
272 75.7702 62.5
273 63.185 75
274 63.0378 72.6681
275 62.9401 75
276 63.0447 71.6332
277 76.2056 54.3572
278 76.3573 52.693
279 76.3707 52.4358
280 87.5252 52.4358
281 87.5522 46.2245
282 87.538 45.1474
283 87.5529 45.2305
284 87.561 44.8466
285 87.5566 42.0143
286 87.5576 38.4905
287 87.5646 40.0887
288 87.5709 34.375
289 87.5648 29.7605
290 87.5763 28.3515
291 87.5768 27.8659
292 87.5836 27.8659
293 87.5793 17.2619
294 87.5829 13.6905
295 87.5841 14.2857
296 87.5907 14.2857
297 87.5836 12.2039
298 87.5778 12.1524
299 87.5833 12.121
300 87.59 12.1272
301 87.5718 12.2186
302 87.543 12.3079
303 87.5612 12.2104
304 87.5679 12.215
305 87.5274 13.532
306 75.7813 12.4513
307 76.1719 12.4756
308 76.1719 12.4756
309 63.7225 22.946
310 63.1591 30.3302
311 63.4389 30.7901
312 63.5384 24.2691
313 1.5625 32.0539
314 1.55524 38.1463
315 1.55799 38.4592
316 1.54523 38.4797
317 88.5472 92.5505
318 88.3477 84.8214
319 88.3784 89.5202
320 88.192 80.5804
321 88.1682 80.5804
322 88.3288 88.7626
323 88.3182 88.5101
324 88.1652 80.4052
325 87.8044 76.5961
326 87.9191 77.6409
327 87.7098 70.5357
328 87.6973 70.5357
329 87.8692 77.1494
330 87.835 76.7195
331 87.6861 72.0412
332 87.5689 71.7417
333 87.6131 71.6079
334 87.561 70.9026
335 87.5579 70.8842
336 87.5926 70.9111
337 87.5883 71.4604
338 87.501 69.4281
339 76.0838 62.5
340 76.1721 62.5
341 75.7455 62.5
342 75.7289 62.5
343 75.9325 68.6094
344 76.0393 62.5
345 75.6992 60.6359
346 63.639 71.8169
347 63.6937 75
348 63.278 71.3711
349 63.2145 71.3711
350 75.4762 59.9983
351 63.5602 75
352 75.7662 55.9297
353 75.7459 53.638
354 75.8717 54.2379
355 76.1366 52.6062
356 76.1411 52.5343
357 75.9551 53.3014
358 75.9076 53.662
359 75.7683 53.5255
360 75.866 47.5249
361 75.9742 51.1752
362 76.2723 45.478
363 76.2701 45.2523
364 76.0991 45.6375
365 76.0852 48.1943
366 75.9766 35.3313
367 87.5172 37.9367
368 76.3672 35.376
369 87.5364 37.8698
370 87.5381 37.8958
371 87.5248 37.7184
372 87.5138 37.7081
373 87.5415 38.1944
374 87.5635 31.4305
375 87.5544 33.2351
376 87.5682 29.4135
377 87.569 29.232
378 87.5608 31.3402
379 87.5603 31.7832
380 87.5603 17.8614
381 87.5647 13.8989
382 87.5657 15.0642
383 87.5736 12.3916
384 87.5743 12.3916
385 87.5683 14.5398
386 87.5676 14.1318
387 87.5486 13.8391
388 87.5404 12.3471
389 87.5505 12.3671
390 87.5603 12.2118
391 87.5603 12.2062
392 87.5508 12.3532
393 87.5504 12.3219
394 76.383 12.4904
395 76.2166 12.4976
396 76.3442 12.4949
397 76.4206 12.4982
398 76.419 12.4984
399 76.3447 12.4964
400 76.331 12.4965
401 63.844 19.7111
402 63.6497 17.8023
403 63.826 15.7874
404 63.8031 12.4041
405 63.7837 12.401
406 63.7165 19.5654
407 63.9075 12.4753
408 50.7046 30.8676
409 38.8803 40.625
410 50.6584 34.8787
411 50.9388 35.0368
412 50.9567 35.3644
413 38.6719 25
414 50.5684 38.2813
415 13.486 25
416 25.4098 31.25
417 13.3817 25
418 13.2829 38.4403
419 13.1786 38.4403
420 13.5278 25
421 13.3048 31.25
422 88.5624 92.885
423 88.2559 89.0051
424 88.3871 90.1055
425 88.2921 83.7054
426 88.2691 83.7054
427 88.3099 89.5988
428 88.3248 89.179
429 88.0821 80.9784
430 87.7739 78.0467
431 87.8957 78.9262
432 87.7718 77.0986
433 87.7639 77.0113
434 87.829 78.0179
435 87.8323 78.2276
436 76.5625 76.493
437 87.5111 73.7046
438 87.5102 74.2015
439 87.5228 73.645
440 87.5232 73.611
441 87.5058 72.9594
442 87.5137 73.9296
443 87.5001 66.1917
444 75.7707 62.3521
445 76.1688 62.4556
446 75.7471 65.625
447 75.7296 65.625
448 75.9508 61.96
449 76.0288 62.4408
450 75.336 61.3007
451 63.5104 80.1277
452 63.7124 80.2883
453 63.3326 87.5
454 63.3169 87.5
455 63.8927 70.7679
456 63.587 82.0511
457 63.3712 67.1875
458 51.5586 54.9063
459 62.843 64.0625
460 51.5615 54.8363
461 51.5615 54.6243
462 63.0879 56.3025
463 62.6578 58.6327
464 62.9235 54.3067
465 51.5379 51.8565
466 62.6694 52.8914
467 51.5564 52.0492
468 51.5564 52.0194
469 62.9965 52.0049
470 62.5847 52.4147
471 76.0109 41.6667
472 76.4897 37.0076
473 76.4939 37.3286
474 76.1807 39.5833
475 76.269 37.2633
476 76.5152 36.0441
477 76.4366 37.232
478 87.539 31.6975
479 87.5534 29.9018
480 87.5517 31.4151
481 87.5669 32.5558
482 87.5674 32.5438
483 87.5515 29.1253
484 87.5561 31.319
485 87.5321 17.9849
486 87.5309 14.1879
487 87.5371 15.6426
488 87.55 14.0075
489 87.5502 13.9078
490 87.5356 15.0499
491 87.5388 14.8452
492 76.4135 12.4851
493 76.1796 12.4539
494 76.342 12.4748
495 76.4101 12.4819
496 76.4071 12.4815
497 76.2889 12.4708
498 76.3177 12.4712
499 64.0096 23.1689
500 64.0001 20.5827
501 75.1453 20.358
502 75.4821 16.4254
503 75.4883 16.3058
504 63.9634 21.0113
505 75.1947 19.4011
506 62.982 28.3249
507 62.7983 30.1074
508 62.9921 29.5358
509 63.1992 30.5616
510 63.1996 30.6131
511 51.348 30.0101
512 62.9955 29.948
513 38.358 42.7837
514 38.0348 50.6327
515 38.2698 50.486
516 38.3885 50.9803
517 38.3848 51.001
518 26.1719 44.202
519 38.2398 50.6514
520 26.0068 45.1905
521 26.1448 48.5387
522 26.1153 47.6378
523 26.0487 53.125
524 26.0531 53.125
525 25.8241 46.1091
526 26.1504 48.4536
527 88.4705 93.3032
528 88.0492 89.9079
529 88.2267 91.0822
530 88.0824 89.3265
531 88.0721 89.232
532 88.1627 90.1548
533 88.1436 90.3261
534 87.5752 89.0377
535 87.5705 79.5323
536 87.5907 82.4316
537 87.6343 78.6448
538 87.6351 78.4291
539 87.5535 80.7644
540 87.5967 80.7061
541 76.5618 76.4993
542 87.5016 73.7043
543 87.5015 74.3624
544 87.5036 74.1793
545 87.5036 74.1521
546 87.5008 72.1501
547 87.5021 74.1453
548 75.8318 62.2393
549 75.183 70.5479
550 75.3876 68.6644
551 63.6719 87.5
552 63.6719 87.5
553 75.4183 62.135
554 75.2395 70.7192
555 63.4718 75.8463
556 63.0512 75.9907
557 63.2228 76.1873
558 63.0658 76.8337
559 63.0552 76.8482
560 63.2363 75.707
561 63.138 76.3034
562 62.7162 65.9134
563 51.526 55.3528
564 51.5472 56.7241
565 51.5483 55.4177
566 51.5476 55.3313
567 51.5442 55.5524
568 51.542 56.033
569 63.2943 54.4838
570 63.2587 51.6771
571 63.0453 52.925
572 51.4703 52.1091
573 51.4703 52.0655
574 63.4685 51.9595
575 62.9623 52.3982
576 76.2126 35.7295
577 87.5173 37.8535
578 76.4459 36.2563
579 87.5194 38.5357
580 87.5206 38.5805
581 87.5184 37.6768
582 87.5095 37.8585
583 87.5191 27.7076
584 87.5182 23.9776
585 87.5253 26.555
586 87.5408 26.5897
587 87.541 26.5407
588 87.5205 22.735
589 87.5275 26.1627
590 76.3698 16.0998
591 76.2483 13.9556
592 76.4459 13.9425
593 76.5625 12.5
594 76.5625 12.5
595 76.32 14.1278
596 76.5625 12.5
597 75.1554 20.6086
598 75.3234 14.7625
599 75.3659 16.4222
600 75.6848 12.3901
601 75.6974 12.3901
602 75.2006 18.3256
603 75.4381 15.0267
604 63.5054 17.2729
605 63.5607 18.2937
606 63.6433 16.1472
607 63.9054 12.5
608 63.9183 12.5
609 63.4025 19.7151
610 63.6914 15.772
611 50.9273 31.0887
612 50.7651 29.7227
613 50.9122 30.3809
614 51.0392 30.1053
615 51.0386 30.0752
616 50.6144 32.0085
617 50.907 30.1399
618 38.1902 44.4577
619 37.7407 50.3594
620 37.998 50.3984
621 38.0017 50.9629
622 37.9936 50.9798
623 26.4236 46.556
624 37.9326 50.534
625 26.4923 46.1957
626 26.0786 47.9757
627 26.2979 51.0253
628 26.2606 53.4031
629 26.2523 53.4468
630 26.303 50.7897
631 26.2317 51.3743
632 87.5898 93.6792
633 87.6706 89.7351
634 87.6684 91.2455
635 87.7699 89.5453
636 87.7733 89.4418
637 87.6265 90.5468
638 87.6952 90.4169
639 87.5118 81.3051
640 76.5549 77.8244
641 87.5047 79.0512
642 76.5606 77.3007
643 76.5606 77.2172
644 76.5586 78.2287
645 87.5024 78.286
646 87.5 71.9188
647 75.8516 73.3978
648 76.1428 74.0467
649 75.8803 74.2548
650 75.8624 74.2406
651 76.0244 70.9191
652 75.9999 73.933
653 75.2183 74.9318
654 63.6631 78.5695
655 75.0728 74.9773
656 63.5574 76.1591
657 63.5283 76.3116
658 63.7151 76.9963
659 63.8291 76.2203
660 63.0195 77.4459
661 62.6679 70.5038
662 62.8282 76.0463
663 62.7448 75.3395
664 62.7106 73.0698
665 62.7851 70.4802
666 62.7587 75.5231
667 62.9609 65.4826
668 62.9698 54.6944
669 62.7677 57.0191
670 51.4687 54.1386
671 51.4657 54.0729
672 63.0755 56.5931
673 51.5383 54.1407
674 64.0012 51.3352
675 75.8671 43.2435
676 75.4838 46.571
677 75.7386 45.375
678 75.7592 45.2291
679 75.7367 43.4968
680 75.6485 45.4036
681 76.496 32.44
682 87.5127 31.3171
683 87.5116 31.7842
684 87.5257 31.3864
685 87.5262 31.3585
686 87.5111 30.6954
687 87.5155 31.561
688 76.3775 21.7874
689 76.0586 21.6539
690 76.2771 22.1629
691 76.363 23.1672
692 76.3588 23.1832
693 76.2161 20.2987
694 76.2429 22.2907
695 64.0257 24.7242
696 75.2244 18.1
697 75.2488 20.1215
698 75.6013 16.0713
699 75.6119 15.8755
700 64.0533 24.5885
701 75.3335 18.5546
702 63.6664 14.1276
703 63.634 12.4392
704 63.8282 12.4751
705 63.8948 12.478
706 63.8906 12.477
707 63.6937 12.4696
708 63.7953 12.4666
709 62.7918 27.7845
710 62.9098 28.0131
711 62.9696 28.4468
712 63.2638 29.7541
713 63.2714 29.7823
714 62.7779 28.7249
715 63.0301 28.6722
716 50.509 27.8984
717 38.7166 21.4286
718 50.3532 26.6216
719 50.5009 26.5589
720 50.4943 26.5046
721 38.7078 23.2143
722 50.3002 26.187
723 26.5302 32.8
724 26.1622 37.3
725 26.485 35.9
726 26.4371 43.8525
727 26.4251 44.0574
728 26.3367 39.6739
729 26.3893 39.1393
730 1.5625 32.2619
731 1.55741 39.1608
732 1.56097 38.6837
733 13.1043 41.8763
734 13.1043 41.9293
735 1.54636 39.1799
736 1.56046 39.1078
737 87.5263 93.0114
738 87.5494 89.1605
739 87.5559 90.4303
740 87.6007 88.6376
741 87.604 85.4167
742 87.5342 89.7081
743 87.5663 89.3803
744 76.4635 89.071
745 76.5021 78.0808
746 76.5371 78.7112
747 76.5386 77.3723
748 76.5375 77.3088
749 76.5323 77.8414
750 76.5285 78.203
751 75.7299 74.846
752 75.3947 74.6921
753 75.5425 74.6767
754 75.4432 74.4381
755 75.4352 74.4309
756 75.4344 74.7905
757 75.4788 74.6191
758 63.5845 79.5771
759 63.2595 87.5
760 63.4939 83.5053
761 63.3623 83.3726
762 63.2733 87.5
763 63.3746 83.0057
764 63.4925 85.5027
765 62.8795 87.5
766 62.9381 65.55
767 62.7998 68.415
768 51.5625 59.5488
769 51.5625 59.2036
770 62.9395 67.8956
771 62.7594 66.22
772 63.8638 55.3014
773 63.8547 52.1019
774 63.803 53.5046
775 63.6712 52.537
776 63.6686 52.4605
777 63.8936 52.7101
778 63.7823 52.8929
779 75.9471 41.6667
780 76.348 36.8699
781 76.4016 37.2955
782 76.3557 38.876
783 76.4776 37.3452
784 76.3836 35.9199
785 76.4072 37.2015
786 76.0131 32.9421
787 76.1719 25
788 76.109 33.8832
789 76.1727 31.5078
790 76.1768 31.5478
791 76.1836 33.2355
792 76.1417 34.2036
793 63.926 29.918
794 63.7582 24.6056
795 63.936 26.6393
796 75.3974 20.9273
797 75.3974 20.9022
798 63.867 26.2295
799 63.9716 24.799
800 63.4638 17.4927
801 63.654 12.4632
802 63.7305 14.1642
803 63.9507 12.49
804 63.9343 12.4885
805 63.6792 12.4816
806 63.9254 12.4879
807 62.7358 18.9366
808 62.8365 12.4065
809 62.8873 12.4238
810 63.1347 12.3405
811 63.1411 12.3372
812 62.7981 17.2341
813 62.938 12.3978
814 51.1887 25.7381
815 51.4693 21.797
816 51.4224 25.3106
817 62.5939 21.0742
818 62.5939 21.0742
819 51.1591 25.9091
820 62.5235 25.1553
821 38.2459 20.3519
822 26.4847 21.1702
823 38.1751 12.4729
824 38.0464 12.4099
825 38.0205 12.4087
826 26.5236 23.0237
827 37.9677 12.4636
828 13.4982 24.8924
829 13.5999 27.4435
830 13.6077 24.957
831 13.759 38.7543
832 13.7636 38.7543
833 13.1489 24.9731
834 13.6441 24.9785
835 1.5625 30.2834
836 1.56179 37.8646
837 1.5625 32.5375
838 1.56009 38.7273
839 1.55999 38.7787
840 1.5625 32.7493
841 1.56169 37.9108
842 76.2529 93.6978
843 76.3596 90.0716
844 76.3474 91.1939
845 76.46 89.0131
846 76.464 88.9065
847 76.3589 90.728
848 76.3796 90.3415
849 76.0163 89.1528
850 76.2385 79.9047
851 76.3167 82.5871
852 76.4051 78.7886
853 76.4055 78.5796
854 76.129 80.5774
855 76.3194 80.9146
856 75.3789 74.9765
857 75.1495 74.9512
858 75.255 74.9447
859 75.1972 74.8963
860 75.1919 74.895
861 75.1695 74.9697
862 75.2128 74.9339
863 62.9276 87.5
864 62.7951 87.5
865 62.8654 87.5
866 62.8537 87.5
867 62.851 87.5
868 62.8493 87.5
869 62.8442 87.5
870 63.2946 68.2036
871 63.6348 64.3465
872 63.4679 65.9362
873 63.5295 64.5349
874 63.5369 64.4385
875 63.607 64.8492
876 63.5268 65.1644
877 63.9624 55.0505
878 75.0341 48.3135
879 64.0225 52.0202
880 75.0668 48.4685
881 75.0668 48.4685
882 64.0375 51.2626
883 64.0425 51.0101
884 75.5784 36.0809
885 75.646 36.6286
886 75.75 36.4866
887 76.0803 36.8799
888 76.0876 36.8972
889 75.7209 35.5701
890 75.8084 36.6248
891 63.5321 39.6025
892 63.5159 38.321
893 63.6229 38.7304
894 63.7698 38.2152
895 64.0128 32.1938
896 63.6225 38.4362
897 63.6936 38.3204
898 62.9666 30.334
899 63.0364 26.0561
900 63.0526 27.5714
901 63.2072 25.6046
902 63.1359 22.8509
903 63.1258 26.8616
904 63.0694 26.5497
905 51.5625 24.7266
906 51.5238 21.486
907 62.6617 18.0732
908 63.0022 12.3897
909 63.0045 12.3862
910 62.559 21.6588
911 62.734 12.4715
912 51.2426 17.757
913 51.3509 12.4201
914 51.3593 14.2523
915 51.392 12.3796
916 51.3797 12.3732
917 51.3767 16.9393
918 51.4639 12.4483
919 50.5086 16.1226
920 50.7218 13.8639
921 50.7761 14.3582
922 51.1817 12.4043
923 51.1979 12.4043
924 50.4881 16.0506
925 50.868 13.7701
926 26.0511 20.354
927 26.05 12.4405
928 26.1969 15.118
929 26.3026 12.3888
930 26.2777 12.3833
931 25.7878 17.5616
932 26.3632 12.456
933 13.33 23.6121
934 13.322 26.2847
935 13.2759 24.4449
936 13.5637 27.9577
937 13.5608 27.9577
938 12.9959 24.653
939 13.2532 24.7224
940 12.8328 24.3258
941 12.6974 32.1866
942 12.7212 30.906
943 12.6023 38.1446
944 12.5976 38.1446
945 1.55043 28.4911
946 12.6834 32.8746
947 75.6486 93.9132
948 76.0812 90.4739
949 75.9593 91.6615
950 76.2473 89.8788
951 76.2605 89.783
952 75.9568 91.0034
953 76.0651 90.895
954 75.805 81.5264
955 75.7248 79.6689
956 75.8698 80.0963
957 76.1003 78.637
958 76.103 78.5762
959 75.6583 78.966
960 75.8918 79.6094
961 63.2994 87.5
962 51.5232 75.7813
963 62.9686 87.5
964 63.0007 87.5
965 62.9867 87.5
966 62.8068 87.5
967 62.856 87.5
968 51.5625 75.737
969 62.6162 87.5
970 62.5718 87.5
971 62.6223 87.5
972 62.6254 87.5
973 62.7567 87.5
974 62.5963 87.5
975 63.3187 66.5507
976 63.5725 58.9592
977 63.5692 64.1203
978 63.897 57.0907
979 63.9064 57.0907
980 63.6065 63.5127
981 63.6543 63.3101
982 51.5625 52.531
983 63.9203 46.4117
984 75.0209 47.3647
985 75.0692 44.8414
986 75.0701 44.7293
987 75.1446 45.0808
988 75.028 46.4676
989 63.1356 43.2632
990 63.192 40.4775
991 63.3108 41.2007
992 63.6607 39.2034
993 63.6681 39.1156
994 63.2629 40.9552
995 63.3704 40.4986
996 51.2586 39.6753
997 51.3134 32.6155
998 51.3662 38.3701
999 62.8917 38.4922
1000 62.8917 38.4378
1001 62.6166 38.0438
1002 51.4021 37.9351
1003 51.0653 26.6422
1004 62.6063 25.3152
1005 62.6178 25.7514
1006 62.7852 21.875
1007 62.7893 21.875
1008 51.4382 25.6578
1009 62.6578 25.4545
1010 50.7916 19.0075
1011 50.995 15.799
1012 51.0369 16.0927
1013 51.4021 12.4063
1014 51.4129 12.4063
1015 51.0061 17.0906
1016 51.1204 15.1211
1017 50.4228 17.0688
1018 50.7116 12.4025
1019 50.7199 12.4199
1020 50.9387 12.3315
1021 50.9455 12.3281
1022 50.5887 14.5478
1023 50.7742 12.3926
1024 38.5404 15.5394
1025 38.7889 12.5
1026 38.9576 12.5
1027 50.3873 12.841
1028 50.3873 12.841
1029 38.4046 15.2233
1030 38.9416 12.5
1031 25.5174 19.3128
1032 14.0431 12.4608
1033 25.3197 15.2251
1034 25.3822 12.3981
1035 25.3628 12.3981
1036 13.8697 18.3484
1037 25.2505 13.8626
1038 13.4325 22.121
1039 13.1841 24.4438
1040 13.3147 23.6815
1041 13.4681 27.1811
1042 13.4626 27.1811
1043 13.1584 23.8336
1044 13.2708 24.2017
1045 1.55084 21.5225
1046 12.7494 27.6869
1047 1.55861 23.8408
1048 12.9803 30.7291
1049 13.0038 31.0006
1050 1.54895 21.0056
1051 12.6883 27.1719
1052 75.5369 93.4191
1053 75.9014 90.1556
1054 75.8152 91.3536
1055 76.096 89.8268
1056 76.1078 89.7389
1057 75.7862 90.3076
1058 75.9099 90.6504
1059 75.2277 86.9949
1060 63.6719 87.5771
1061 75.1688 86.048
1062 75.2604 75
1063 75.2561 75
1064 75.0569 87.3737
1065 75.1484 83.649
1066 51.2038 87.9709
1067 51.4408 78.0261
1068 51.3353 87.6883
1069 51.4053 76.6816
1070 51.4053 76.6514
1071 51.4119 87.6177
1072 51.3792 87.5942
1073 51.4775 79.2369
1074 51.4 69.327
1075 62.5 87.5
1076 51.4238 71.6311
1077 51.4238 70.9656
1078 62.7047 70.0512
1079 62.5 72.5731
1080 51.0397 66.551
1081 51.5253 54.1906
1082 51.3394 64.1204
1083 51.5532 53.83
1084 51.5532 53.6626
1085 51.4132 63.5127
1086 51.4393 63.3102
1087 51.234 54.1667
1088 62.9764 46.608
1089 62.94 47.6701
1090 63.4842 45.6586
1091 63.5029 45.5594
1092 62.8971 46.6198
1093 63.0898 46.8769
1094 50.7465 44.1397
1095 50.8932 42.436
1096 50.9405 42.6735
1097 51.2438 40.9768
1098 51.2521 40.9145
1099 50.9479 42.1718
1100 51.0066 42.1744
1101 39.0318 30.0833
1102 38.9565 24.1439
1103 39.0448 24.8504
1104 50.549 28.3212
1105 50.5833 28.3212
1106 50.2663 26.6814
1107 50.2743 24.7112
1108 38.8994 24.8074
1109 50.4585 22.5013
1110 50.4136 22.8679
1111 50.9142 20.6761
1112 50.9318 20.5935
1113 50.4272 22.2044
1114 50.5544 22.2077
1115 38.8239 24.0943
1116 38.9471 20.9649
1117 38.9637 23.8362
1118 50.4802 18.1368
1119 50.4957 17.8603
1120 38.9451 22.6479
1121 50.1239 21.6244
1122 38.6442 18.0193
1123 38.9648 12.4968
1124 38.8987 16.3189
1125 50.3664 12.3741
1126 50.3664 12.374
1127 38.7786 14.6397
1128 39.0381 12.4992
1129 26.2875 22.7194
1130 26.4525 20.4767
1131 26.4525 23.3427
1132 38.234 12.5
1133 38.2762 12.5
1134 26.1775 20.7464
1135 37.694 19.9155
1136 25.4124 15.4321
1137 13.9224 12.3716
1138 13.9973 12.4146
1139 13.9861 12.3449
1140 13.9833 12.3413
1141 13.9118 12.4358
1142 13.9751 12.3855
1143 1.55996 24.0809
1144 12.849 24.5164
1145 12.7552 24.4873
1146 13.218 26.9148
1147 13.2287 26.9148
1148 1.55895 23.8669
1149 12.8403 24.6227
1150 1.54895 20.9753
1151 1.55676 23.2862
1152 1.55536 22.876
1153 12.9115 28.7967
1154 12.9115 28.7967
1155 1.5456 20.0119
1156 1.55749 23.5095
1157 75.2563 93.2951
1158 75.4293 89.735
1159 75.4873 91.1022
1160 75.85 89.5765
1161 75.8599 89.4832
1162 75.3357 90.0663
1163 75.566 90.3556
1164 50.6939 89.0767
1165 50.8184 87.9844
1166 50.8525 88.3701
1167 51.0959 87.8236
1168 51.1026 87.7935
1169 50.8836 88.2541
1170 50.9065 88.1295
1171 50.7272 87.9303
1172 50.9219 87.5772
1173 50.9369 87.6953
1174 51.2291 82.9139
1175 51.2364 82.9139
1176 51.0121 87.6461
1177 51.008 87.6169
1178 39.0457 75.8977
1179 50.6476 69.3291
1180 50.5086 71.1836
1181 51.0405 68.0037
1182 51.0621 67.8413
1183 50.5837 70.0523
1184 50.6817 69.8844
1185 39.0428 66.6667
1186 50.7691 63.2895
1187 50.7478 64.0205
1188 51.3717 54.8651
1189 51.4742 48.9173
1190 50.6931 63.9364
1191 51.1731 59.375
1192 38.9532 54.1667
1193 50.4094 48.2186
1194 50.3671 48.5477
1195 50.8089 46.9608
1196 50.8246 46.899
1197 50.3913 47.6443
1198 50.492 48.0532
1199 38.9494 53.3509
1200 38.9053 45.1441
1201 39.0027 46.6565
1202 50.4035 44.2737
1203 50.4035 44.1318
1204 38.9683 44.447
1205 38.9933 45.5212
1206 38.4417 30.7727
1207 38.4978 28.25
1208 38.52 28.2841
1209 38.6453 21.661
1210 38.6494 21.661
1211 38.5842 28.0682
1212 38.5468 27.4545
1213 38.4098 29.6875
1214 38.6973 24.8087
1215 38.591 26.5625
1216 38.8244 24.6373
1217 38.8456 24.6194
1218 38.6454 24.6779
1219 38.6022 24.857
1220 38.3476 29.1667
1221 38.5564 19.0888
1222 38.4945 19.4767
1223 38.7492 12.5
1224 38.7857 12.5
1225 38.5012 20.2993
1226 38.5828 17.6355
1227 38.0148 19.0694
1228 38.3492 12.4692
1229 38.3063 12.4871
1230 38.6774 12.488
1231 38.6907 12.4875
1232 38.0533 16.6972
1233 38.4131 12.4827
1234 26.2721 18.2909
1235 26.5625 12.5
1236 26.4463 14.8164
1237 26.5625 12.5
1238 26.5625 12.5
1239 26.2024 14.6808
1240 26.5044 13.6582
1241 13.554 12.4452
1242 13.6895 12.3579
1243 13.6704 12.3779
1244 13.8046 12.309
1245 13.8096 12.3062
1246 13.3583 12.4153
1247 13.71 12.355
1248 1.55917 23.9036
1249 12.8536 24.4774
1250 1.56139 24.5884
1251 13.0814 24.6447
1252 13.1115 24.6429
1253 1.55828 23.6844
1254 12.7413 24.5742
1255 1.55118 21.6456
1256 12.5843 25.3243
1257 1.55797 23.64
1258 12.8142 24.2732
1259 12.8142 24.3564
1260 1.54903 21.0364
1261 1.56024 24.3057
1262 39.0625 91.6667
1263 50.395 89.2855
1264 50.3556 90.0403
1265 50.7854 88.6496
1266 50.8005 88.5804
1267 50.371 89.8286
1268 50.4767 89.4866
1269 39.0358 89.1359
1270 39.0625 77.5547
1271 39.0625 78.2904
1272 50.4046 87.6231
1273 50.4177 87.627
1274 39.0558 87.909
1275 50.1044 87.5318
1276 39.0322 78.0518
1277 38.9454 77.6941
1278 39.0153 77.3561
1279 50.4326 87.5129
1280 50.5081 82.7978
1281 38.9922 77.3344
1282 39.0096 77.117
1283 38.8235 79.1299
1284 38.9047 70.4847
1285 38.9434 76.3766
1286 50.3601 69.068
1287 50.3601 68.547
1288 38.9189 76.0325
1289 39.023 70.8326
1290 38.4611 78.2748
1291 38.7767 67.2326
1292 38.7703 69.3044
1293 38.9662 64.4228
1294 39.0625 57.213
1295 38.7753 67.9913
1296 38.845 67.0853
1297 38.5955 67.7134
1298 38.8372 64.3019
1299 38.8693 64.5381
1300 39.0625 53.7548
1301 39.0625 53.5602
1302 38.8048 64.7043
1303 39.0625 56.8418
1304 38.0998 65.7968
1305 38.1354 48.8889
1306 38.2539 55
1307 38.589 46.3503
1308 38.5953 46.3503
1309 38.2006 53.125
1310 38.3096 52.5
1311 37.9331 54.1667
1312 38.0059 42.0259
1313 38.0136 43.8578
1314 38.218 32.0625
1315 38.2344 32.0625
1316 38.0709 42.8879
1317 38.0669 41.8103
1318 38.0303 53.2748
1319 38.0802 40.2979
1320 38.1589 43.3394
1321 38.4979 33.2856
1322 38.5221 33.2856
1323 38.1164 42.0239
1324 38.23 41.1191
1325 37.8517 31.2213
1326 38.0581 29.1461
1327 38.0497 29.3496
1328 38.3026 27.0841
1329 38.311 27.0044
1330 37.9957 28.6283
1331 38.1172 28.7124
1332 26.5141 31.301
1333 37.8751 27.2091
1334 37.8085 28.1831
1335 38.1486 12.4041
1336 38.1628 12.4041
1337 37.6876 27.6798
1338 37.9138 27.1438
1339 26.1466 17.8571
1340 26.3691 15.1786
1341 26.3916 14.7321
1342 26.5625 12.5
1343 26.5625 12.5
1344 25.9712 15.1786
1345 26.5625 12.5
1346 25.4518 19.5561
1347 14.0034 12.4417
1348 13.9969 12.4354
1349 13.904 12.3438
1350 13.9012 12.3411
1351 13.6423 18.433
1352 13.9746 12.4134
1353 13.2261 24.1757
1354 13.1058 27.5856
1355 13.1158 24.7252
1356 13.287 27.6813
1357 13.2922 27.8512
1358 1.55967 24.1406
1359 13.1574 26.3592
1360 1.55243 29.2942
1361 1.55761 27.3135
1362 12.5069 27.804
1363 12.523 26.3287
1364 12.5232 26.2653
1365 1.54645 27.2303
1366 12.5093 27.2967
1367 39.0111 93.6963
1368 38.8971 90.0045
1369 38.9728 91.1657
1370 38.9979 88.9887
1371 38.9963 88.881
1372 38.9602 90.7103
1373 38.9597 90.3043
1374 38.7005 89.5751
1375 38.7538 87.9624
1376 38.8251 88.4687
1377 39.0625 77.7636
1378 39.0625 77.674
1379 38.8101 88.25
1380 38.8666 88.1
1381 38.335 87.8828
1382 38.3147 83.6726
1383 38.5423 84.1456
1384 38.7153 80.1935
1385 38.7136 80.0507
1386 38.5091 83.4938
1387 38.5282 83.0036
1388 26.1342 87.6466
1389 38.0141 81.4107
1390 37.9596 81.9232
1391 38.5111 70.7462
1392 38.5314 70.7462
1393 37.9973 82.1491
1394 38.1162 80.0643
1395 38.0175 76.2296
1396 38.0612 73.3364
1397 38.1628 75.4099
1398 38.5035 69.4001
1399 38.516 69.1658
1400 38.1839 75.3074
1401 38.1885 73.1256
1402 26.1534 75
1403 38.0974 69.1633
1404 37.9829 70.7034
1405 38.5053 66.5757
1406 38.5258 66.3929
1407 37.9487 69.7808
1408 38.1473 69.2407
1409 26.2591 65.0323
1410 26.537 63.6135
1411 26.4335 63.847
1412 37.7351 54.1667
1413 26.5625 48.4103
1414 37.6083 63.6898
1415 26.4916 63.4519
1416 37.6834 66.6667
1417 37.6488 56.4107
1418 37.6624 56.9232
1419 37.6867 44.8815
1420 37.6856 44.8815
1421 37.7456 57.1491
1422 37.6648 55.0643
1423 26.505 66.7083
1424 26.5625 46.5277
1425 26.5433 63.9028
1426 26.5625 41.3766
1427 26.5625 35.4167
1428 26.5481 63.5521
1429 26.5625 46.0069
1430 26.463 62.5
1431 26.5625 36.4686
1432 26.5625 41.6667
1433 37.8466 31.9547
1434 37.8466 31.8066
1435 26.5504 40.625
1436 26.5625 36.3157
1437 26.3619 31.9701
1438 26.4728 30.8467
1439 26.4553 31.0773
1440 37.796 28.5132
1441 37.796 28.4729
1442 26.3635 29.6659
1443 26.4865 30.7552
1444 26.0511 30.7727
1445 26.2771 28.25
1446 26.2433 28.2841
1447 26.4657 19.4196
1448 26.4657 19.4196
1449 26.0143 28.0682
1450 26.3073 27.4545
1451 25.3811 29.1667
1452 25.1067 18.0324
1453 25.2041 19.1597
1454 25.0642 12.4083
1455 25.0579 12.4083
1456 25.1493 21.3101
1457 25.1432 17.213
1458 13.4348 40.5334
1459 13.3207 38.471
1460 13.42 39.0046
1461 13.5048 31.8964
1462 13.4893 31.8964
1463 13.144 38.7438
1464 13.4125 38.4951
1465 1.55202 38.3969
1466 1.55852 29.3381
1467 1.56026 30.6049
1468 1.55904 28.0017
1469 1.55895 27.8769
1470 1.56051 31.3634
1471 1.5595 29.6062
1472 38.3185 93.8928
1473 38.2748 90.0065
1474 38.409 91.4556
1475 38.6628 89.6898
1476 38.6666 89.5861
1477 38.3921 90.8702
1478 38.4399 90.626
1479 37.8074 89.2086
1480 26.3187 87.6309
1481 37.8619 88.3192
1482 38.2957 87.8342
1483 38.298 87.7963
1484 37.7856 88.0883
1485 37.8805 88.0164
1486 13.9834 88.1081
1487 25.5433 87.6653
1488 25.4791 87.8267
1489 26.047 87.617
1490 26.0674 87.6051
1491 25.5552 87.7713
1492 25.6422 87.731
1493 13.582 75
1494 25.7753 87.5
1495 25.898 81.2559
1496 26.2025 87.5
1497 26.2084 87.5
1498 25.9743 81.2504
1499 25.9449 87.5
1500 13.878 75
1501 25.7646 75
1502 25.5699 75
1503 26.127 75
1504 26.1513 75
1505 25.6707 75
1506 25.7639 75
1507 13.9511 62.3454
1508 25.9706 75
1509 25.7599 75
1510 37.8605 70.4158
1511 37.8605 70.4158
1512 25.8001 75
1513 26.0132 75
1514 25.8403 75
1515 26.1552 75
1516 26.1506 75
1517 26.5582 67.4165
1518 37.6132 68.4911
1519 26.1783 75
1520 26.2547 75
1521 25.9165 75
1522 26.3774 71.9303
1523 26.2877 75
1524 26.5124 67.8172
1525 26.5048 67.4865
1526 26.4186 71.3922
1527 26.5018 72.3542
1528 25.9031 75
1529 26.2117 62.5
1530 26.3302 62.5
1531 26.4653 62.5
1532 26.5625 47.3379
1533 26.295 62.5
1534 26.3587 62.5
1535 25.8572 62.5
1536 26.1634 52.8234
1537 26.2811 55.847
1538 26.5226 43.75
1539 26.5226 43.75
1540 26.2192 54.5367
1541 26.3121 53.6294
1542 25.7758 51.5861
1543 26.3791 46.371
1544 26.2288 50.5287
1545 26.4911 32.7117
1546 26.4973 32.7117
1547 26.1463 50.3965
1548 26.4756 45.9677
1549 25.6019 52.6387
1550 26.0603 43.6508
1551 26.0131 44.3452
1552 26.3433 32.0625
1553 26.3631 32.0625
1554 25.8067 43.7004
1555 26.1124 42.4603
1556 25.049 52.9314
1557 25.0294 32.1429
1558 25.0413 32.1429
1559 25.0433 20.1331
1560 25.0426 20.1331
1561 25.0269 34.8214
1562 25.0386 30.3571
1563 13.2225 43.0101
1564 12.8276 39.3167
1565 13.1051 40.6711
1566 13.2278 38.9399
1567 13.2228 38.8404
1568 1.55988 38.3214
1569 13.0652 39.8748
1570 1.54761 40.5129
1571 1.54622 27.7956
1572 1.55529 30.2461
1573 1.55486 28.0195
1574 1.55455 27.8686
1575 1.54326 28.5957
1576 1.55284 29.0391
1577 26.4348 92.9458
1578 26.0132 89.1695
1579 26.3327 90.2393
1580 37.7357 88.8529
1581 26.4231 88.1011
1582 26.2559 89.6962
1583 26.2754 89.4373
1584 13.8242 89.9907
1585 13.749 88.2664
1586 13.8731 88.7262
1587 25.5873 88.0499
1588 25.5873 87.9972
1589 13.8264 88.6579
1590 13.8895 88.3047
1591 12.9694 88.0731
1592 13.2788 81.1508
1593 13.0286 81.8452
1594 13.3903 75
1595 13.3925 75
1596 13.1772 81.2004
1597 13.1821 79.9603
1598 13.3014 82.0313
1599 13.6354 75
1600 13.538 83.5938
1601 13.8108 75
1602 13.8286 75
1603 13.6334 75
1604 13.5895 75
1605 13.4716 77.9415
1606 13.9762 74.0079
1607 13.8591 74.7024
1608 25.5818 75
1609 25.5818 75
1610 13.8805 71.379
1611 13.9392 74.6032
1612 13.5406 75
1613 13.8171 75
1614 13.7801 75
1615 25.6333 75
1616 25.6333 75
1617 13.8093 75
1618 13.8599 75
1619 13.5262 75
1620 13.8529 75
1621 13.7851 75
1622 25.6794 75
1623 25.6794 75
1624 13.8236 75
1625 13.8714 75
1626 13.7927 71.1538
1627 13.9401 60.9746
1628 13.9178 69.7115
1629 25.6414 75
1630 25.6414 75
1631 14.0013 61.7373
1632 13.9596 69.2308
1633 13.5991 55.7955
1634 13.4856 54.5514
1635 13.7041 54.8791
1636 25.6936 62.5
1637 25.6936 62.5
1638 13.6582 54.4252
1639 13.739 54.5532
1640 13.3587 55.2031
1641 13.5194 52.4192
1642 13.7374 53.0417
1643 25.6055 52.045
1644 25.625 51.9927
1645 13.615 52.8593
1646 25.1563 52.6238
1647 1.5536 53.3322
1648 25.3181 62.5
1649 13.5417 52.3835
1650 25.7861 53.9086
1651 25.8254 54.2842
1652 25.3095 62.5
1653 25.3143 55.3878
1654 13.4766 55.0883
1655 25.2343 62.5
1656 13.8672 53.1616
1657 25.668 54.499
1658 25.7112 55.6663
1659 25.1294 62.5
1660 25.2364 62.5
1661 13.4017 55.0423
1662 25.0039 51.5962
1663 25.0039 52.4958
1664 25.0091 43.75
1665 25.0092 43.75
1666 25.002 52.0587
1667 25.0052 51.647
1668 25 52.7726
1669 1.54747 40.8979
1670 1.55633 44.2164
1671 1.55707 39.9055
1672 1.55681 39.6594
1673 1.55126 43.0772
1674 1.55423 42.2475
1675 1.52511 28.1433
1676 1.48539 17.3588
1677 1.53055 20.8409
1678 1.53355 18.8364
1679 1.53219 18.6595
1680 1.51331 18.0544
1681 1.51967 19.425
1682 13.7931 94.1826
1683 13.3833 90.9997
1684 13.6692 91.7809
1685 13.7918 89.3941
1686 13.7865 89.2919
1687 13.596 91.5432
1688 13.6271 90.9634
1689 1.30553 89.5548
1690 1.34468 89.2406
1691 1.44054 88.475
1692 13.2144 88.3813
1693 13.2375 88.403
1694 1.38935 88.884
1695 12.6844 88.6484
1696 1.44574 88.4317
1697 1.42185 88.6176
1698 12.692 88.3551
1699 13.1374 87.9916
1700 13.1456 87.9883
1701 12.7004 88.2918
1702 12.7574 88.329
1703 1.5625 80.1487
1704 1.55977 79.8539
1705 12.7298 87.5
1706 13.2614 79.5711
1707 13.275 79.5711
1708 12.7429 87.5
1709 12.8086 87.5
1710 13.0562 87.5928
1711 13.1826 87.5162
1712 13.2781 87.542
1713 13.6627 81.4187
1714 13.6832 81.4187
1715 13.2405 87.5313
1716 13.3555 87.525
1717 13.0305 76.959
1718 13.1355 76.2355
1719 13.2249 76.1542
1720 13.5678 75
1721 13.5851 75
1722 13.2069 76.1075
1723 13.2926 75.886
1724 13.1328 76.0462
1725 13.2263 75.3869
1726 13.3298 75.5345
1727 13.6934 75
1728 13.7013 75
1729 13.3445 75.455
1730 13.3968 75.364
1731 13.1762 59.4139
1732 13.1913 59.1407
1733 13.3178 58.6577
1734 13.6309 57.1772
1735 13.6369 57.145
1736 13.2895 58.3727
1737 13.366 58.4003
1738 1.56019 67.1875
1739 1.55172 58.1449
1740 1.55827 64.0625
1741 1.55958 55.1625
1742 1.55914 55.0367
1743 1.55711 58.3807
1744 1.55897 57.5977
1745 1.47856 64.2177
1746 1.46018 54.8959
1747 1.52053 55.4519
1748 1.52553 53.0313
1749 1.52375 52.9353
1750 1.50911 55.2081
1751 1.50625 54.6838
1752 1.5625 57.8916
1753 1.5625 66.0714
1754 1.5625 58.0749
1755 13.2812 55.8079
1756 13.2813 55.8155
1757 1.5625 64.2857
1758 1.5625 58.1363
1759 1.54268 65.4843
1760 1.5555 65.4409
1761 12.7563 60.6859
1762 13.3508 56.4788
1763 13.3617 56.4016
1764 1.55405 64.7165
1765 12.8436 60.0684
1766 1.49984 64.8746
1767 1.34559 53.4015
1768 1.47354 54.8199
1769 1.48414 52.3181
1770 1.48035 52.1917
1771 1.45404 54.1357
1772 1.44326 53.8083
1773 1.52818 42.1875
1774 1.44385 29.8983
1775 1.51257 39.0625
1776 1.52883 30.8049
1777 1.52392 30.6161
1778 1.49383 31.36
1779 1.52319 31.7675
1780 1.35487 12.2631
1781 1.14014 12.2532
1782 1.29521 12.2447
1783 1.37156 12.212
1784 1.36902 12.2112
1785 1.26827 12.2194
1786 1.27489 12.2384
1787 0.866601 93.0663
1788 1.18127 90.546
1789 1.19791 90.4146
1790 1.13367 90.9283
1791 0.745322 94.0331
1792 1.16572 90.6608
1793 1.01095 91.9046
1794 1.20657 90.3405
1795 1.21787 90.2499
1796 1.10536 91.1488
1797 1.10137 91.1799
1798 0.80092 93.5723
1799 1.28636 89.6426
1800 1.0924 91.2238
1801 1.28295 89.7068
1802 1.29535 89.6069
1803 1.19887 90.3688
1804 1.19163 90.4243
1805 0.921738 88.5458
1806 1.55718 81.004
1807 1.28585 88.0066
1808 1.46918 87.9415
1809 1.56161 81.3024
1810 1.39897 87.7614
1811 1.42262 87.7533
1812 1.02999 87.5
1813 1.51011 78.9204
1814 1.54058 80.0495
1815 1.54212 79.2009
1816 1.54119 79.1371
1817 1.5363 79.3416
1818 1.53311 79.5391
1819 0.87462 78.4645
1820 1.38384 76.9785
1821 1.19201 77.694
1822 1.41887 77.393
1823 1.43237 77.3602
1824 1.3012 77.1641
1825 1.30006 77.4316
1826 0.905703 75.7256
1827 1.44782 75.5655
1828 1.26538 75.7031
1829 12.6691 75.8113
1830 12.6691 75.8103
1831 1.34096 75.5608
1832 1.38527 75.6954
1833 0.931187 75.0431
1834 12.5 75.0897
1835 1.30997 75.1015
1836 12.5 75.1904
1837 12.5 75.1929
1838 1.40467 75.0556
1839 1.43624 75.1214
1840 0.848206 63.8137
1841 1.29996 65.6073
1842 1.14378 65.4999
1843 1.37749 67.6171
1844 1.39006 67.6889
1845 1.24996 64.382
1846 1.24439 66.074
1847 1.02461 54.8026
1848 1.36136 65.8939
1849 1.22943 64.1468
1850 1.36767 64.572
1851 1.37639 64.6421
1852 1.30188 64.197
1853 1.29915 64.7074
1854 0.97311 77.5221
1855 12.5 75.4404
1856 1.35683 76.141
1857 1.50726 70.3445
1858 1.50726 70.3445
1859 12.5 75.8507
1860 12.5 75.6806
1861 1.02207 75
1862 1.48786 67.9678
1863 1.52675 71.2854
1864 1.51848 69.7029
1865 1.51695 69.5449
1866 1.52343 69.0941
1867 1.51458 70.0209
1868 0.79481 52.8516
1869 1.29085 52.7763
1870 1.12137 53.3782
1871 1.38267 54.6748
1872 1.39657 54.6973
1873 1.18053 52.9515
1874 1.23254 53.5575
1875 0.982877 18.75
1876 1.32112 12.3531
1877 1.44647 12.4203
1878 1.41877 12.3824
1879 1.41384 12.379
1880 1.44181 12.4265
1881 1.40698 12.3932
1882 0.545437 12.3627
1883 0.614195 12.3271
1884 0.701994 12.3029
1885 0.996314 12.1996
1886 1.00298 12.197
1887 0.728493 12.3175
1888 0.755289 12.2825
