1 50.7813 58.0658
2 81.25 75
3 29.1667 64.2162
4 52.865 78.6643
5 53.438 78.8416
6 76.7361 18.224
7 53.125 19.5082
8 53.4722 33.3333
9 76.3889 21.612
10 28.3067 24.9944
11 51.7361 41.6667
12 56.25 17.2228
13 75 25
14 5.84538 28.0187
15 5.8772 27.5156
16 81.25 75
17 81.25 75
18 28.125 87.5
19 5 60.8498
20 75.6944 25
21 26.578 24.9986
22 5 55.975
23 4.16667 83.3333
24 28.4722 77.7778
25 4.16667 83.3333
26 77.6042 67.9436
27 27.2393 30.7584
28 6.03632 24.2521
29 53.0488 66.3308
30 28.6387 57.6616
31 5.3953 22.0085
32 27.8019 34.5506
